# CROSSCH: CH molecular cross-section x partition function table
# log10(sigma*Q) for 15 temperatures x 105 energy bins
# IT = 1-15: T = 2000, 2500, ..., 9000 K
# N  = 1-105: E = 0.1, 0.2, ..., 10.5 eV
# Dimensions: 15 105
-38.000E0  -38.000E0  -38.000E0  -38.000E0  -38.000E0  -38.000E0  -38.000E0  -38.000E0  -38.000E0  -38.000E0  -38.000E0  -38.000E0  -38.000E0  -38.000E0  -38.000E0
-32.727E0  -31.151E0  -30.133E0  -29.432E0  -28.925E0  -28.547E0  -28.257E0  -28.030E0  -27.848E0  -27.701E0  -27.580E0  -27.479E0  -27.395E0  -27.322E0  -27.261E0
-31.588E0  -30.011E0  -28.993E0  -28.290E0  -27.784E0  -27.405E0  -27.115E0  -26.887E0  -26.705E0  -26.558E0  -26.437E0  -26.336E0  -26.251E0  -26.179E0  -26.117E0
-30.407E0  -28.830E0  -27.811E0  -27.108E0  -26.601E0  -26.223E0  -25.932E0  -25.705E0  -25.523E0  -25.376E0  -25.255E0  -25.154E0  -25.069E0  -24.997E0  -24.935E0
-29.513E0  -27.937E0  -26.920E0  -26.218E0  -25.712E0  -25.334E0  -25.043E0  -24.816E0  -24.635E0  -24.487E0  -24.366E0  -24.266E0  -24.181E0  -24.109E0  -24.047E0
-28.910E0  -27.341E0  -26.327E0  -25.628E0  -25.123E0  -24.746E0  -24.457E0  -24.230E0  -24.049E0  -23.902E0  -23.782E0  -23.681E0  -23.597E0  -23.525E0  -23.464E0
-28.517E0  -26.961E0  -25.955E0  -25.261E0  -24.760E0  -24.385E0  -24.098E0  -23.873E0  -23.694E0  -23.548E0  -23.429E0  -23.329E0  -23.245E0  -23.174E0  -23.113E0
-28.213E0  -26.675E0  -25.680E0  -24.993E0  -24.497E0  -24.127E0  -23.843E0  -23.620E0  -23.443E0  -23.299E0  -23.181E0  -23.082E0  -22.999E0  -22.929E0  -22.869E0
-27.942E0  -26.427E0  -25.446E0  -24.769E0  -24.280E0  -23.915E0  -23.635E0  -23.416E0  -23.241E0  -23.100E0  -22.983E0  -22.887E0  -22.805E0  -22.736E0  -22.677E0
-27.706E0  -26.210E0  -25.241E0  -24.572E0  -24.088E0  -23.728E0  -23.451E0  -23.235E0  -23.063E0  -22.923E0  -22.808E0  -22.713E0  -22.633E0  -22.565E0  -22.507E0
-27.475E0  -26.000E0  -25.043E0  -24.382E0  -23.905E0  -23.548E0  -23.275E0  -23.062E0  -22.891E0  -22.753E0  -22.640E0  -22.546E0  -22.467E0  -22.400E0  -22.343E0
-27.221E0  -25.783E0  -24.844E0  -24.193E0  -23.723E0  -23.372E0  -23.102E0  -22.892E0  -22.724E0  -22.588E0  -22.476E0  -22.384E0  -22.306E0  -22.240E0  -22.184E0
-26.863E0  -25.506E0  -24.607E0  -23.979E0  -23.523E0  -23.182E0  -22.919E0  -22.714E0  -22.550E0  -22.417E0  -22.309E0  -22.218E0  -22.142E0  -22.078E0  -22.023E0
-26.685E0  -25.347E0  -24.457E0  -23.835E0  -23.382E0  -23.044E0  -22.784E0  -22.580E0  -22.418E0  -22.286E0  -22.178E0  -22.089E0  -22.014E0  -21.950E0  -21.896E0
-26.085E0  -24.903E0  -24.105E0  -23.538E0  -23.120E0  -22.805E0  -22.561E0  -22.370E0  -22.217E0  -22.093E0  -21.991E0  -21.906E0  -21.835E0  -21.775E0  -21.723E0
-25.902E0  -24.727E0  -23.936E0  -23.376E0  -22.964E0  -22.654E0  -22.415E0  -22.227E0  -22.076E0  -21.955E0  -21.855E0  -21.772E0  -21.702E0  -21.644E0  -21.593E0
-25.215E0  -24.196E0  -23.510E0  -23.019E0  -22.655E0  -22.378E0  -22.163E0  -21.992E0  -21.855E0  -21.744E0  -21.653E0  -21.577E0  -21.513E0  -21.459E0  -21.412E0
-24.914E0  -23.937E0  -23.284E0  -22.820E0  -22.475E0  -22.212E0  -22.007E0  -21.845E0  -21.715E0  -21.609E0  -21.522E0  -21.449E0  -21.388E0  -21.336E0  -21.292E0
-24.519E0  -23.637E0  -23.039E0  -22.606E0  -22.281E0  -22.030E0  -21.834E0  -21.678E0  -21.552E0  -21.450E0  -21.365E0  -21.295E0  -21.236E0  -21.185E0  -21.142E0
-24.086E0  -23.222E0  -22.650E0  -22.246E0  -21.948E0  -21.722E0  -21.546E0  -21.407E0  -21.296E0  -21.205E0  -21.131E0  -21.070E0  -21.018E0  -20.974E0  -20.937E0
-23.850E0  -23.018E0  -22.472E0  -22.088E0  -21.805E0  -21.590E0  -21.422E0  -21.289E0  -21.182E0  -21.095E0  -21.024E0  -20.964E0  -20.914E0  -20.872E0  -20.835E0
-23.136E0  -22.445E0  -21.994E0  -21.676E0  -21.440E0  -21.259E0  -21.117E0  -21.004E0  -20.912E0  -20.837E0  -20.775E0  -20.723E0  -20.679E0  -20.642E0  -20.611E0
-23.199E0  -22.433E0  -21.927E0  -21.573E0  -21.314E0  -21.119E0  -20.969E0  -20.851E0  -20.758E0  -20.682E0  -20.621E0  -20.571E0  -20.529E0  -20.493E0  -20.463E0
-22.696E0  -22.020E0  -21.585E0  -21.286E0  -21.071E0  -20.912E0  -20.791E0  -20.697E0  -20.622E0  -20.563E0  -20.514E0  -20.475E0  -20.442E0  -20.414E0  -20.391E0
-22.119E0  -21.557E0  -21.194E0  -20.943E0  -20.761E0  -20.624E0  -20.518E0  -20.434E0  -20.367E0  -20.313E0  -20.268E0  -20.231E0  -20.201E0  -20.175E0  -20.153E0
-21.855E0  -21.300E0  -20.931E0  -20.673E0  -20.485E0  -20.344E0  -20.235E0  -20.151E0  -20.084E0  -20.031E0  -19.988E0  -19.953E0  -19.924E0  -19.900E0  -19.880E0
-21.126E0  -20.673E0  -20.382E0  -20.184E0  -20.044E0  -19.943E0  -19.868E0  -19.811E0  -19.769E0  -19.736E0  -19.710E0  -19.690E0  -19.674E0  -19.662E0  -19.652E0
-20.502E0  -20.150E0  -19.922E0  -19.766E0  -19.657E0  -19.578E0  -19.520E0  -19.478E0  -19.446E0  -19.422E0  -19.404E0  -19.390E0  -19.379E0  -19.371E0  -19.365E0
-20.030E0  -19.724E0  -19.530E0  -19.399E0  -19.309E0  -19.245E0  -19.199E0  -19.166E0  -19.142E0  -19.125E0  -19.112E0  -19.103E0  -19.096E0  -19.091E0  -19.088E0
-19.640E0  -19.364E0  -19.189E0  -19.074E0  -18.996E0  -18.943E0  -18.906E0  -18.881E0  -18.863E0  -18.852E0  -18.844E0  -18.839E0  -18.837E0  -18.836E0  -18.836E0
-19.333E0  -19.092E0  -18.939E0  -18.838E0  -18.770E0  -18.725E0  -18.695E0  -18.675E0  -18.662E0  -18.655E0  -18.651E0  -18.649E0  -18.649E0  -18.651E0  -18.653E0
-19.070E0  -18.880E0  -18.756E0  -18.674E0  -18.621E0  -18.585E0  -18.562E0  -18.548E0  -18.540E0  -18.536E0  -18.536E0  -18.537E0  -18.539E0  -18.542E0  -18.546E0
-18.851E0  -18.708E0  -18.617E0  -18.558E0  -18.521E0  -18.498E0  -18.484E0  -18.477E0  -18.475E0  -18.476E0  -18.478E0  -18.482E0  -18.487E0  -18.493E0  -18.498E0
-18.709E0  -18.599E0  -18.533E0  -18.494E0  -18.471E0  -18.459E0  -18.454E0  -18.454E0  -18.457E0  -18.462E0  -18.469E0  -18.476E0  -18.483E0  -18.490E0  -18.498E0
-18.656E0  -18.572E0  -18.524E0  -18.497E0  -18.485E0  -18.480E0  -18.482E0  -18.486E0  -18.493E0  -18.501E0  -18.510E0  -18.519E0  -18.527E0  -18.536E0  -18.544E0
-18.670E0  -18.613E0  -18.582E0  -18.566E0  -18.561E0  -18.562E0  -18.568E0  -18.575E0  -18.583E0  -18.592E0  -18.601E0  -18.610E0  -18.619E0  -18.627E0  -18.635E0
-18.728E0  -18.700E0  -18.687E0  -18.683E0  -18.685E0  -18.691E0  -18.698E0  -18.706E0  -18.715E0  -18.723E0  -18.731E0  -18.739E0  -18.745E0  -18.752E0  -18.758E0
-18.839E0  -18.835E0  -18.836E0  -18.842E0  -18.849E0  -18.857E0  -18.865E0  -18.872E0  -18.878E0  -18.883E0  -18.888E0  -18.892E0  -18.895E0  -18.898E0  -18.900E0
-19.034E0  -19.041E0  -19.049E0  -19.057E0  -19.064E0  -19.069E0  -19.071E0  -19.071E0  -19.070E0  -19.068E0  -19.065E0  -19.061E0  -19.058E0  -19.054E0  -19.051E0
-19.372E0  -19.378E0  -19.382E0  -19.380E0  -19.372E0  -19.359E0  -19.341E0  -19.321E0  -19.300E0  -19.280E0  -19.261E0  -19.243E0  -19.227E0  -19.212E0  -19.199E0
-19.780E0  -19.777E0  -19.763E0  -19.732E0  -19.686E0  -19.631E0  -19.573E0  -19.517E0  -19.465E0  -19.419E0  -19.379E0  -19.344E0  -19.314E0  -19.288E0  -19.265E0
-20.151E0  -20.133E0  -20.087E0  -20.009E0  -19.911E0  -19.810E0  -19.715E0  -19.631E0  -19.559E0  -19.497E0  -19.446E0  -19.402E0  -19.365E0  -19.333E0  -19.306E0
-20.525E0  -20.454E0  -20.312E0  -20.138E0  -19.970E0  -19.825E0  -19.705E0  -19.607E0  -19.528E0  -19.464E0  -19.411E0  -19.367E0  -19.330E0  -19.300E0  -19.274E0
-20.869E0  -20.655E0  -20.366E0  -20.104E0  -19.894E0  -19.731E0  -19.604E0  -19.505E0  -19.426E0  -19.363E0  -19.312E0  -19.271E0  -19.236E0  -19.208E0  -19.184E0
-21.179E0  -20.768E0  -20.380E0  -20.081E0  -19.856E0  -19.686E0  -19.556E0  -19.454E0  -19.375E0  -19.311E0  -19.260E0  -19.218E0  -19.184E0  -19.155E0  -19.131E0
-21.167E0  -20.601E0  -20.206E0  -19.925E0  -19.719E0  -19.565E0  -19.447E0  -19.355E0  -19.283E0  -19.226E0  -19.180E0  -19.143E0  -19.112E0  -19.087E0  -19.066E0
-20.918E0  -20.348E0  -19.976E0  -19.720E0  -19.536E0  -19.401E0  -19.299E0  -19.220E0  -19.159E0  -19.112E0  -19.073E0  -19.043E0  -19.018E0  -18.998E0  -18.981E0
-20.753E0  -20.204E0  -19.847E0  -19.602E0  -19.427E0  -19.299E0  -19.203E0  -19.129E0  -19.072E0  -19.028E0  -18.993E0  -18.965E0  -18.942E0  -18.924E0  -18.909E0
-20.456E0  -19.987E0  -19.677E0  -19.460E0  -19.302E0  -19.186E0  -19.098E0  -19.030E0  -18.978E0  -18.937E0  -18.904E0  -18.878E0  -18.857E0  -18.841E0  -18.827E0
-20.154E0  -19.734E0  -19.461E0  -19.272E0  -19.136E0  -19.035E0  -18.960E0  -18.902E0  -18.858E0  -18.824E0  -18.797E0  -18.775E0  -18.759E0  -18.745E0  -18.735E0
-19.941E0  -19.544E0  -19.288E0  -19.114E0  -18.992E0  -18.903E0  -18.837E0  -18.788E0  -18.751E0  -18.723E0  -18.701E0  -18.684E0  -18.671E0  -18.661E0  -18.654E0
-19.657E0  -19.321E0  -19.104E0  -18.956E0  -18.853E0  -18.779E0  -18.724E0  -18.684E0  -18.655E0  -18.632E0  -18.615E0  -18.602E0  -18.592E0  -18.585E0  -18.579E0
-19.388E0  -19.109E0  -18.930E0  -18.810E0  -18.725E0  -18.664E0  -18.620E0  -18.586E0  -18.562E0  -18.543E0  -18.529E0  -18.518E0  -18.510E0  -18.503E0  -18.498E0
-19.201E0  -18.953E0  -18.794E0  -18.686E0  -18.611E0  -18.556E0  -18.515E0  -18.485E0  -18.462E0  -18.446E0  -18.433E0  -18.423E0  -18.416E0  -18.410E0  -18.406E0
-18.923E0  -18.719E0  -18.588E0  -18.500E0  -18.439E0  -18.396E0  -18.365E0  -18.344E0  -18.328E0  -18.318E0  -18.311E0  -18.307E0  -18.304E0  -18.303E0  -18.302E0
-18.614E0  -18.458E0  -18.361E0  -18.298E0  -18.258E0  -18.232E0  -18.216E0  -18.206E0  -18.202E0  -18.201E0  -18.202E0  -18.205E0  -18.208E0  -18.213E0  -18.218E0
-18.419E0  -18.295E0  -18.222E0  -18.178E0  -18.153E0  -18.139E0  -18.132E0  -18.131E0  -18.133E0  -18.138E0  -18.143E0  -18.150E0  -18.157E0  -18.164E0  -18.172E0
-18.296E0  -18.201E0  -18.148E0  -18.118E0  -18.101E0  -18.094E0  -18.091E0  -18.093E0  -18.096E0  -18.101E0  -18.107E0  -18.113E0  -18.120E0  -18.126E0  -18.132E0
-18.021E0  -17.992E0  -17.977E0  -17.970E0  -17.967E0  -17.968E0  -17.970E0  -17.974E0  -17.978E0  -17.983E0  -17.989E0  -17.994E0  -18.000E0  -18.005E0  -18.011E0
-17.694E0  -17.686E0  -17.686E0  -17.691E0  -17.698E0  -17.708E0  -17.718E0  -17.729E0  -17.740E0  -17.750E0  -17.761E0  -17.771E0  -17.781E0  -17.790E0  -17.798E0
-17.374E0  -17.384E0  -17.400E0  -17.420E0  -17.440E0  -17.462E0  -17.483E0  -17.503E0  -17.523E0  -17.541E0  -17.558E0  -17.575E0  -17.590E0  -17.603E0  -17.616E0
-17.169E0  -17.199E0  -17.230E0  -17.262E0  -17.293E0  -17.323E0  -17.351E0  -17.378E0  -17.404E0  -17.427E0  -17.449E0  -17.469E0  -17.488E0  -17.505E0  -17.520E0
-17.151E0  -17.184E0  -17.217E0  -17.250E0  -17.282E0  -17.313E0  -17.342E0  -17.369E0  -17.395E0  -17.418E0  -17.440E0  -17.461E0  -17.480E0  -17.497E0  -17.513E0
-17.230E0  -17.260E0  -17.290E0  -17.320E0  -17.348E0  -17.375E0  -17.401E0  -17.425E0  -17.448E0  -17.469E0  -17.489E0  -17.508E0  -17.525E0  -17.541E0  -17.556E0
-17.379E0  -17.403E0  -17.425E0  -17.446E0  -17.467E0  -17.486E0  -17.505E0  -17.524E0  -17.541E0  -17.558E0  -17.574E0  -17.588E0  -17.602E0  -17.615E0  -17.627E0
-17.596E0  -17.604E0  -17.609E0  -17.612E0  -17.616E0  -17.622E0  -17.628E0  -17.636E0  -17.644E0  -17.652E0  -17.661E0  -17.670E0  -17.679E0  -17.687E0  -17.695E0
-17.846E0  -17.823E0  -17.795E0  -17.770E0  -17.750E0  -17.735E0  -17.725E0  -17.719E0  -17.716E0  -17.715E0  -17.716E0  -17.719E0  -17.722E0  -17.726E0  -17.730E0
-18.089E0  -18.015E0  -17.942E0  -17.882E0  -17.836E0  -17.802E0  -17.777E0  -17.760E0  -17.748E0  -17.740E0  -17.736E0  -17.734E0  -17.733E0  -17.734E0  -17.736E0
-18.299E0  -18.156E0  -18.038E0  -17.947E0  -17.881E0  -17.833E0  -17.798E0  -17.774E0  -17.757E0  -17.745E0  -17.738E0  -17.733E0  -17.730E0  -17.729E0  -17.729E0
-18.441E0  -18.243E0  -18.096E0  -17.991E0  -17.915E0  -17.860E0  -17.821E0  -17.792E0  -17.772E0  -17.757E0  -17.746E0  -17.738E0  -17.733E0  -17.730E0  -17.728E0
-18.474E0  -18.262E0  -18.111E0  -18.004E0  -17.926E0  -17.869E0  -17.826E0  -17.795E0  -17.771E0  -17.753E0  -17.740E0  -17.730E0  -17.722E0  -17.717E0  -17.713E0
-18.387E0  -18.191E0  -18.053E0  -17.952E0  -17.878E0  -17.823E0  -17.782E0  -17.752E0  -17.729E0  -17.711E0  -17.698E0  -17.689E0  -17.681E0  -17.676E0  -17.672E0
-18.161E0  -17.990E0  -17.874E0  -17.793E0  -17.736E0  -17.696E0  -17.668E0  -17.648E0  -17.634E0  -17.625E0  -17.619E0  -17.616E0  -17.614E0  -17.614E0  -17.615E0
-17.908E0  -17.774E0  -17.690E0  -17.637E0  -17.604E0  -17.583E0  -17.572E0  -17.567E0  -17.566E0  -17.568E0  -17.571E0  -17.576E0  -17.581E0  -17.587E0  -17.593E0
-17.681E0  -17.589E0  -17.540E0  -17.515E0  -17.506E0  -17.505E0  -17.511E0  -17.520E0  -17.530E0  -17.542E0  -17.554E0  -17.566E0  -17.578E0  -17.589E0  -17.600E0
-17.647E0  -17.606E0  -17.584E0  -17.575E0  -17.573E0  -17.576E0  -17.582E0  -17.589E0  -17.597E0  -17.605E0  -17.614E0  -17.623E0  -17.631E0  -17.639E0  -17.646E0
-17.300E0  -17.291E0  -17.291E0  -17.297E0  -17.307E0  -17.319E0  -17.333E0  -17.347E0  -17.361E0  -17.375E0  -17.389E0  -17.402E0  -17.415E0  -17.427E0  -17.438E0
-16.786E0  -16.802E0  -16.825E0  -16.853E0  -16.883E0  -16.914E0  -16.944E0  -16.974E0  -17.003E0  -17.030E0  -17.055E0  -17.079E0  -17.101E0  -17.122E0  -17.141E0
-16.489E0  -16.533E0  -16.579E0  -16.625E0  -16.670E0  -16.713E0  -16.754E0  -16.793E0  -16.830E0  -16.864E0  -16.896E0  -16.925E0  -16.952E0  -16.977E0  -17.000E0
-16.694E0  -16.724E0  -16.756E0  -16.789E0  -16.823E0  -16.856E0  -16.888E0  -16.919E0  -16.949E0  -16.976E0  -17.002E0  -17.026E0  -17.048E0  -17.069E0  -17.088E0
-16.935E0  -16.951E0  -16.971E0  -16.993E0  -17.016E0  -17.040E0  -17.064E0  -17.088E0  -17.111E0  -17.132E0  -17.153E0  -17.172E0  -17.190E0  -17.206E0  -17.222E0
-17.200E0  -17.208E0  -17.220E0  -17.235E0  -17.251E0  -17.269E0  -17.286E0  -17.304E0  -17.322E0  -17.338E0  -17.354E0  -17.369E0  -17.384E0  -17.397E0  -17.409E0
-17.597E0  -17.591E0  -17.589E0  -17.590E0  -17.594E0  -17.600E0  -17.608E0  -17.617E0  -17.626E0  -17.635E0  -17.645E0  -17.654E0  -17.662E0  -17.671E0  -17.679E0
-18.166E0  -18.134E0  -18.107E0  -18.085E0  -18.068E0  -18.056E0  -18.047E0  -18.041E0  -18.038E0  -18.036E0  -18.035E0  -18.035E0  -18.036E0  -18.038E0  -18.039E0
-19.000E0  -18.917E0  -18.838E0  -18.770E0  -18.714E0  -18.669E0  -18.632E0  -18.603E0  -18.579E0  -18.560E0  -18.545E0  -18.532E0  -18.522E0  -18.514E0  -18.507E0
-20.313E0  -19.982E0  -19.754E0  -19.592E0  -19.472E0  -19.380E0  -19.309E0  -19.253E0  -19.208E0  -19.172E0  -19.143E0  -19.119E0  -19.099E0  -19.083E0  -19.069E0
-19.751E0  -19.611E0  -19.520E0  -19.461E0  -19.423E0  -19.398E0  -19.382E0  -19.372E0  -19.366E0  -19.364E0  -19.363E0  -19.364E0  -19.366E0  -19.368E0  -19.371E0
-19.581E0  -19.431E0  -19.337E0  -19.277E0  -19.240E0  -19.218E0  -19.207E0  -19.202E0  -19.203E0  -19.207E0  -19.212E0  -19.220E0  -19.228E0  -19.236E0  -19.245E0
-19.685E0  -19.506E0  -19.389E0  -19.311E0  -19.258E0  -19.222E0  -19.199E0  -19.184E0  -19.175E0  -19.170E0  -19.168E0  -19.169E0  -19.171E0  -19.174E0  -19.177E0
-19.977E0  -19.756E0  -19.606E0  -19.501E0  -19.425E0  -19.370E0  -19.330E0  -19.300E0  -19.278E0  -19.262E0  -19.250E0  -19.241E0  -19.235E0  -19.230E0  -19.227E0
-20.445E0  -20.158E0  -19.958E0  -19.815E0  -19.711E0  -19.633E0  -19.574E0  -19.528E0  -19.493E0  -19.465E0  -19.442E0  -19.425E0  -19.410E0  -19.398E0  -19.389E0
-20.980E0  -20.625E0  -20.391E0  -20.229E0  -20.110E0  -20.020E0  -19.949E0  -19.892E0  -19.846E0  -19.807E0  -19.775E0  -19.748E0  -19.724E0  -19.704E0  -19.687E0
-21.404E0  -21.023E0  -20.771E0  -20.594E0  -20.461E0  -20.358E0  -20.274E0  -20.205E0  -20.148E0  -20.099E0  -20.058E0  -20.022E0  -19.991E0  -19.965E0  -19.942E0
-21.309E0  -20.970E0  -20.753E0  -20.603E0  -20.495E0  -20.412E0  -20.348E0  -20.295E0  -20.252E0  -20.215E0  -20.185E0  -20.158E0  -20.135E0  -20.115E0  -20.098E0
-21.221E0  -20.906E0  -20.707E0  -20.574E0  -20.480E0  -20.412E0  -20.361E0  -20.322E0  -20.292E0  -20.268E0  -20.249E0  -20.233E0  -20.221E0  -20.210E0  -20.201E0
-21.441E0  -21.097E0  -20.878E0  -20.728E0  -20.623E0  -20.546E0  -20.489E0  -20.446E0  -20.413E0  -20.387E0  -20.368E0  -20.352E0  -20.340E0  -20.330E0  -20.322E0
-21.668E0  -21.305E0  -21.071E0  -20.911E0  -20.797E0  -20.713E0  -20.650E0  -20.602E0  -20.565E0  -20.536E0  -20.514E0  -20.496E0  -20.481E0  -20.470E0  -20.460E0
-21.926E0  -21.556E0  -21.316E0  -21.150E0  -21.031E0  -20.942E0  -20.874E0  -20.822E0  -20.782E0  -20.750E0  -20.724E0  -20.704E0  -20.687E0  -20.674E0  -20.663E0
-22.319E0  -21.937E0  -21.686E0  -21.510E0  -21.380E0  -21.282E0  -21.206E0  -21.147E0  -21.099E0  -21.061E0  -21.031E0  -21.006E0  -20.985E0  -20.968E0  -20.954E0
-22.969E0  -22.561E0  -22.288E0  -22.092E0  -21.945E0  -21.832E0  -21.743E0  -21.672E0  -21.616E0  -21.570E0  -21.533E0  -21.503E0  -21.477E0  -21.457E0  -21.439E0
-24.001E0  -23.527E0  -23.199E0  -22.957E0  -22.772E0  -22.629E0  -22.516E0  -22.427E0  -22.355E0  -22.297E0  -22.250E0  -22.212E0  -22.180E0  -22.153E0  -22.131E0
-24.233E0  -23.774E0  -23.477E0  -23.273E0  -23.128E0  -23.022E0  -22.943E0  -22.883E0  -22.837E0  -22.802E0  -22.774E0  -22.752E0  -22.735E0  -22.721E0  -22.710E0
-24.550E0  -23.913E0  -23.521E0  -23.266E0  -23.094E0  -22.976E0  -22.893E0  -22.836E0  -22.796E0  -22.768E0  -22.750E0  -22.737E0  -22.730E0  -22.726E0  -22.725E0
-24.301E0  -23.665E0  -23.274E0  -23.019E0  -22.848E0  -22.730E0  -22.648E0  -22.591E0  -22.552E0  -22.525E0  -22.507E0  -22.495E0  -22.489E0  -22.485E0  -22.485E0
-24.519E0  -23.883E0  -23.491E0  -23.237E0  -23.065E0  -22.948E0  -22.866E0  -22.809E0  -22.770E0  -22.743E0  -22.724E0  -22.713E0  -22.706E0  -22.703E0  -22.702E0
