# H2 collision-induced opacity tables
# Borysow, Jorgensen & Zheng (1997, A&A 324, 185)
# H2HE(7,81): log10 of H2-He CIA coefficient
# H2H2(7,81): log10 of H2-H2 CIA coefficient
# 7 temperatures: T = 1000, 2000, ..., 7000 K
# 81 wavenumber points: nu = 0, 250, ..., 20000 cm-1
# Format: 7 values per line (one wavenumber point), H2HE block then H2H2 block
   -46.000     -46.000     -46.000     -46.000     -46.000     -46.000     -46.000
   -44.288     -44.288     -44.288     -44.288     -44.288     -44.288     -44.288
   -44.288     -44.142     -44.045     -43.997     -43.949     -44.900     -43.852
   -44.362     -44.090     -43.978     -43.901     -43.833     -43.939     -43.716
   -44.461     -44.114     -43.954     -43.863     -43.786     -43.717     -43.654
   -44.601     -44.195     -43.973     -43.875     -43.791     -43.715     -43.646
   -44.777     -44.292     -44.012     -43.905     -43.813     -43.732     -43.658
   -45.000     -44.402     -44.061     -43.946     -43.844     -43.756     -43.678
   -45.268     -44.530     -44.122     -43.996     -43.883     -43.786     -43.703
   -45.562     -44.680     -44.199     -44.059     -43.932     -43.823     -43.733
   -45.841     -44.841     -44.289     -44.128     -43.983     -43.862     -43.766
   -46.012     -44.969     -44.371     -44.182     -44.017     -43.891     -43.789
   -45.931     -44.975     -44.394     -44.173     -43.999     -43.872     -43.779
   -45.621     -44.790     -44.293     -44.062     -43.905     -43.793     -43.726
   -45.151     -44.469     -44.084     -43.871     -43.755     -43.705     -43.666
   -44.620     -44.131     -43.871     -43.715     -43.640     -43.644     -43.628
   -44.166     -43.892     -43.748     -43.674     -43.639     -43.628     -43.625
   -44.023     -43.837     -43.743     -43.710     -43.691     -43.663     -43.660
   -44.190     -43.942     -43.830     -43.782     -43.755     -43.735     -43.719
   -44.446     -44.120     -43.967     -43.884     -43.839     -43.807     -43.776
   -44.689     -44.312     -44.120     -44.011     -43.932     -43.872     -43.826
   -44.904     -44.491     -44.269     -44.134     -44.022     -43.941     -43.881
   -45.133     -44.656     -44.407     -44.244     -44.115     -44.016     -43.941
   -45.398     -44.824     -44.543     -44.359     -44.217     -44.098     -44.006
   -45.701     -45.010     -44.686     -44.481     -44.322     -44.186     -44.076
   -46.024     -45.221     -44.843     -44.610     -44.431     -44.275     -44.147
   -46.350     -45.449     -45.015     -44.747     -44.542     -44.366     -44.219
   -46.736     -45.674     -45.189     -44.887     -44.657     -44.458     -44.294
   -46.993     -45.865     -45.347     -45.023     -44.771     -44.551     -44.367
   -47.031     -45.981     -45.469     -45.141     -44.878     -44.640     -44.437
   -46.787     -46.008     -45.553     -45.244     -44.979     -44.727     -44.506
   -46.496     -45.969     -45.618     -45.343     -45.085     -44.820     -44.579
   -46.310     -45.953     -45.689     -45.449     -45.198     -44.919     -44.656
   -46.295     -46.001     -45.787     -45.572     -45.321     -45.021     -44.732
   -46.434     -46.122     -45.919     -45.717     -45.453     -45.123     -44.804
   -46.671     -46.306     -46.085     -45.896     -45.588     -45.224     -44.873
   -46.964     -46.539     -46.284     -46.068     -45.723     -45.320     -44.937
   -47.295     -46.807     -46.501     -46.241     -45.858     -45.412     -44.998
   -47.662     -47.097     -46.723     -46.415     -45.996     -45.500     -45.056
   -48.050     -47.399     -46.949     -46.583     -46.135     -45.587     -45.111
   -48.416     -47.683     -47.169     -46.749     -46.274     -45.671     -45.165
   -48.678     -47.892     -47.359     -46.907     -46.412     -45.752     -45.215
   -48.720     -47.963     -47.494     -47.044     -46.551     -45.828     -45.263
   -48.583     -47.912     -47.566     -47.160     -46.689     -45.901     -45.309
   -48.380     -47.807     -47.574     -47.236     -46.828     -45.972     -45.354
   -48.164     -47.692     -47.543     -47.281     -46.953     -46.041     -45.397
   -47.988     -47.603     -47.513     -47.300     -47.028     -46.106     -45.438
   -47.874     -47.562     -47.506     -47.326     -47.085     -46.171     -45.479
   -47.846     -47.571     -47.518     -47.361     -47.141     -46.235     -45.519
   -47.827     -47.577     -47.536     -47.397     -47.194     -46.298     -45.558
   -47.841     -47.583     -47.548     -47.416     -47.234     -46.357     -45.596
   -47.949     -47.631     -47.550     -47.411     -47.253     -46.412     -45.632
   -48.168     -47.763     -47.580     -47.428     -47.282     -46.467     -45.668
   -48.442     -47.955     -47.682     -47.516     -47.360     -46.528     -45.704
   -48.685     -48.145     -47.839     -47.654     -47.473     -46.593     -45.741
   -48.859     -48.310     -47.990     -47.778     -47.575     -46.655     -45.777
   -48.989     -48.445     -48.118     -47.878     -47.660     -46.714     -45.813
   -49.121     -48.560     -48.250     -47.981     -47.749     -46.773     -45.847
   -49.277     -48.667     -48.390     -48.094     -47.842     -46.831     -45.881
   -49.469     -48.778     -48.525     -48.202     -47.933     -46.888     -45.916
   -49.697     -48.907     -48.650     -48.303     -48.019     -46.943     -45.949
   -49.939     -49.059     -48.774     -48.403     -48.104     -46.996     -45.982
   -50.225     -49.227     -48.898     -48.504     -48.190     -47.049     -46.015
   -50.537     -49.406     -49.016     -48.603     -48.273     -47.101     -46.048
   -50.831     -49.598     -49.130     -48.697     -48.354     -47.152     -46.080
   -50.981     -49.807     -49.239     -48.791     -48.435     -47.202     -46.112
   -51.106     -50.006     -49.345     -48.882     -48.514     -47.251     -46.145
   -51.231     -50.131     -49.445     -48.972     -48.591     -47.299     -46.176
   -51.356     -50.256     -49.540     -49.060     -48.667     -47.347     -46.208
   -51.481     -50.381     -49.629     -49.143     -48.741     -47.392     -46.239
   -51.606     -50.506     -49.711     -49.225     -48.813     -47.437     -46.271
   -51.731     -50.631     -49.787     -49.303     -48.885     -47.481     -46.302
   -51.856     -50.756     -49.858     -49.377     -48.955     -47.523     -46.333
   -51.981     -50.881     -49.929     -49.449     -49.023     -47.566     -46.364
   -52.106     -51.006     -50.000     -49.517     -49.089     -47.607     -46.395
   -52.231     -51.131     -50.069     -49.581     -49.154     -47.647     -46.425
   -52.356     -51.256     -50.133     -49.642     -49.217     -47.687     -46.456
   -52.481     -51.381     -50.204     -49.699     -49.278     -47.726     -46.486
   -52.606     -51.506     -50.275     -49.752     -49.337     -47.765     -46.517
   -52.731     -51.631     -50.347     -49.803     -49.396     -47.802     -46.548
   -52.856     -51.756     -50.418     -49.850     -49.450     -47.839     -46.578
   -46.000     -46.000     -46.000     -46.000     -46.000     -46.000     -46.000
   -45.350     -45.350     -45.350     -45.350     -45.350     -45.350     -45.350
   -44.850     -44.850     -44.850     -44.850     -44.850     -45.850     -45.850
   -44.375     -44.465     -44.497     -44.504     -44.502     -44.657     -44.656
   -44.161     -44.216     -44.249     -44.255     -44.245     -44.231     -44.227
   -44.160     -44.081     -44.081     -44.076     -44.063     -44.047     -44.042
   -44.249     -44.017     -43.966     -43.940     -43.918     -43.898     -43.891
   -44.450     -44.020     -43.900     -43.844     -43.806     -43.776     -43.764
   -44.712     -44.080     -43.881     -43.785     -43.726     -43.682     -43.662
   -45.016     -44.186     -43.902     -43.763     -43.677     -43.616     -43.586
   -45.308     -44.319     -43.958     -43.773     -43.659     -43.579     -43.537
   -45.452     -44.442     -44.034     -43.810     -43.669     -43.570     -43.514
   -45.306     -44.500     -44.100     -43.858     -43.697     -43.580     -43.511
   -45.081     -44.452     -44.111     -43.887     -43.724     -43.598     -43.518
   -44.801     -44.302     -44.049     -43.876     -43.734     -43.608     -43.522
   -44.494     -44.104     -43.945     -43.832     -43.720     -43.603     -43.516
   -44.177     -43.936     -43.849     -43.783     -43.704     -43.596     -43.511
   -44.042     -43.865     -43.807     -43.767     -43.712     -43.611     -43.527
   -44.148     -43.922     -43.846     -43.806     -43.763     -43.662     -43.578
   -44.293     -44.042     -43.936     -43.884     -43.843     -43.742     -43.653
   -44.444     -44.179     -44.052     -43.984     -43.937     -43.832     -43.739
   -44.594     -44.311     -44.173     -44.091     -44.033     -43.924     -43.827
   -44.818     -44.448     -44.292     -44.196     -44.124     -44.012     -43.910
   -45.097     -44.600     -44.414     -44.300     -44.210     -44.095     -43.989
   -45.437     -44.782     -44.548     -44.409     -44.294     -44.177     -44.068
   -45.771     -44.992     -44.702     -44.533     -44.391     -44.269     -44.154
   -46.088     -45.218     -44.873     -44.672     -44.503     -44.374     -44.251
   -46.371     -45.438     -45.046     -44.813     -44.621     -44.483     -44.351
   -46.554     -45.632     -45.209     -44.949     -44.738     -44.590     -44.448
   -46.593     -45.788     -45.352     -45.074     -44.848     -44.692     -44.542
   -46.513     -45.887     -45.463     -45.181     -44.950     -44.786     -44.627
   -46.391     -45.917     -45.542     -45.271     -45.041     -44.873     -44.707
   -46.197     -45.896     -45.601     -45.350     -45.124     -44.952     -44.781
   -46.086     -45.911     -45.664     -45.423     -45.198     -45.023     -44.848
   -46.127     -45.958     -45.723     -45.487     -45.265     -45.089     -44.913
   -46.077     -45.963     -45.755     -45.534     -45.322     -45.149     -44.973
   -46.057     -45.947     -45.770     -45.571     -45.371     -45.204     -45.030
   -46.122     -45.959     -45.792     -45.610     -45.422     -45.260     -45.088
   -46.302     -46.023     -45.840     -45.662     -45.480     -45.322     -45.149
   -46.560     -46.146     -45.928     -45.741     -45.557     -45.394     -45.218
   -46.891     -46.327     -46.058     -45.844     -45.648     -45.477     -45.292
   -47.245     -46.558     -46.226     -45.967     -45.753     -45.568     -45.372
   -47.527     -46.793     -46.408     -46.110     -45.871     -45.668     -45.457
   -47.729     -47.001     -46.589     -46.254     -45.992     -45.771     -45.544
   -47.829     -47.161     -46.750     -46.391     -46.111     -45.872     -45.630
   -47.825     -47.265     -46.879     -46.547     -46.239     -45.980     -45.719
   -47.740     -47.317     -46.979     -46.658     -46.345     -46.075     -45.803
   -47.635     -47.340     -47.055     -46.755     -46.444     -46.166     -45.882
   -47.593     -47.358     -47.122     -46.844     -46.536     -46.252     -45.961
   -47.488     -47.375     -47.178     -46.921     -46.621     -46.334     -46.036
   -47.517     -47.387     -47.213     -46.982     -46.696     -46.412     -46.109
   -47.511     -47.385     -47.234     -47.031     -46.765     -46.485     -46.180
   -47.601     -47.428     -47.274     -47.084     -46.834     -46.558     -46.251
   -47.740     -47.509     -47.339     -47.150     -46.906     -46.632     -46.322
   -48.007     -47.632     -47.429     -47.233     -46.988     -46.710     -46.395
   -48.371     -47.825     -47.563     -47.341     -47.081     -46.794     -46.469
   -48.778     -48.074     -47.739     -47.476     -47.189     -46.884     -46.547
   -49.170     -48.341     -47.936     -47.625     -47.304     -46.977     -46.625
   -49.531     -48.604     -48.136     -47.780     -47.424     -47.074     -46.704
   -49.869     -48.850     -48.328     -47.932     -47.543     -47.170     -46.784
   -50.189     -49.080     -48.510     -48.078     -47.660     -47.264     -46.863
   -50.496     -49.299     -48.682     -48.218     -47.774     -47.358     -46.940
   -50.797     -49.508     -48.847     -48.353     -47.885     -47.449     -47.018
   -51.088     -49.711     -49.008     -48.484     -47.993     -47.540     -47.094
   -51.374     -49.907     -49.163     -48.613     -48.100     -47.629     -47.170
   -51.655     -50.102     -49.317     -48.740     -48.205     -47.717     -47.246
   -51.931     -50.293     -49.468     -48.865     -48.309     -47.804     -47.321
   -52.205     -50.481     -49.617     -48.989     -48.413     -47.891     -47.396
   -52.475     -50.670     -49.767     -49.112     -48.516     -47.978     -47.470
   -52.742     -50.855     -49.915     -49.235     -48.619     -48.064     -47.545
   -53.010     -51.038     -50.062     -49.358     -48.721     -48.150     -47.619
   -53.277     -51.221     -50.209     -49.481     -48.824     -48.236     -47.692
   -53.545     -51.399     -50.353     -49.602     -48.925     -48.321     -47.765
   -53.812     -51.575     -50.496     -49.722     -49.026     -48.405     -47.839
   -54.080     -51.748     -50.634     -49.840     -49.125     -48.489     -47.911
   -54.347     -51.918     -50.769     -49.954     -49.222     -48.571     -47.984
   -54.615     -52.086     -50.900     -50.065     -49.317     -48.653     -48.055
   -54.882     -52.253     -51.029     -50.174     -49.411     -48.733     -48.125
   -55.150     -52.419     -51.158     -50.282     -49.506     -48.813     -48.196
   -55.417     -52.584     -51.288     -50.399     -49.642     -48.903     -48.268
   -55.685     -52.778     -51.420     -50.527     -49.732     -48.981     -48.338
