Title: 18 Sco: a solar twin rich in refractory and neutron-capture elements. 
       Implications for chemical tagging. 
Authors: Melendez J., Ramirez I., Karakas A.I., Yong D., Monroe T.R., Bedell M.,
         Bergemann M., Asplund M., Maia M.T., Bean J., do Nascimento J.-D., 
         Bazot M., Alves-Brito A., Freitas F.C., Castro M. 
Table: Adopted atomic data and equivalent widths
================================================================================
Byte-by-byte Description of file: apj497906t1_mrt.txt
--------------------------------------------------------------------------------
   Bytes Format Units  Label    Explanations
--------------------------------------------------------------------------------
   1-  9 F9.3   0.1nm  Wave     Wavelength in Angstroms
  11- 14 F4.1   ---    Ion      Ion numeric identifier (1)
  16- 21 F6.4   eV     ExPot    Excitation potential
  23- 28 F6.3   [-]    log(gf)  Log of the oscillator strength times 
                                 the statistical weight
  31- 38 E8.2   ---    C6       Damping constant 
  40- 44 F5.1   10-13m EW-18S   The 18 Sco differential equivalent width (2)
  46- 51 F6.2   10-13m EW-Sun   Solar differential equivalent width (2)
--------------------------------------------------------------------------------
Note (1): Where the number before the digit is the atomic number and the number
          after the digit is the ionization level, e.g. 26.1 = Fe II.
Note (2): In units of milli-Angstroms.
--------------------------------------------------------------------------------
 5044.211 26.0 2.8512 -2.058  2.71e-31  74.8  74.3
 5054.642 26.0 3.640  -1.921  4.68e-32  40.9  40.5
 5127.359 26.0 0.915  -3.307  1.84e-32  97.5  96.1
 5127.679 26.0 0.052  -6.125  1.20e-32  18.9  19.1
 5198.711 26.0 2.223  -2.135  4.61e-32  99.3  98.1
 5225.525 26.0 0.1101 -4.789  1.23e-32  72.5  72.1
 5242.491 26.0 3.634  -0.967  4.95e-32  88.3  86.9
 5247.050 26.0 0.0872 -4.946  1.22e-32  67.4  66.9
 5250.208 26.0 0.1212 -4.938  1.23e-32  66.3  65.9
 5295.312 26.0 4.415  -1.49   6.54e-31  31.0  30.3
 5322.041 26.0 2.279  -2.80   4.29e-32  62.9  61.5
 5373.709 26.0 4.473  -0.77   7.04e-31  65.2  63.9
 5379.574 26.0 3.694  -1.514  5.02e-32  62.9  61.5
 5386.334 26.0 4.154  -1.74   5.27e-31  34.8  33.6
 5466.396 26.0 4.371  -0.565  4.40e-31  81.3  79.4
 5466.987 26.0 3.573  -2.23   2.80e+00  35.8  35.2
 5522.446 26.0 4.209  -1.31   3.02e-31  45.8  43.7
 5546.506 26.0 4.371  -1.18   3.91e-31  52.6  51.4
 5560.211 26.0 4.434  -1.16   4.79e-31  53.8  52.0
 5577.02  26.0 5.0331 -1.455  2.80e+00  11.9  11.2
 5618.633 26.0 4.209  -1.276  2.90e-31  51.8  50.2
 5636.696 26.0 3.640  -2.56   5.19e-32  20.7  19.7
 5638.262 26.0 4.220  -0.81   2.88e-31  78.8  77.6
 5649.987 26.0 5.0995 -0.8    2.77e-31  37.8  35.9
 5651.469 26.0 4.473  -1.75   4.83e-31  20.3  18.9
 5661.348 26.0 4.2843 -1.756  3.24e-31  24.4  23.0
 5679.023 26.0 4.652  -0.75   8.13e-31  61.7  59.6
 5696.089 26.0 4.548  -1.720  5.78e-31  14.5  13.7
 5701.544 26.0 2.559  -2.216  4.95e-32  86.4  84.7
 5705.464 26.0 4.301  -1.355  3.02e-31  39.7  38.1
 5855.076 26.0 4.6075 -1.478  5.74e-31  23.8  22.9
 5905.672 26.0 4.652  -0.69   6.23e-31  61.7  60.1
 5916.247 26.0 2.453  -2.936  4.29e-32  55.4  55.5
 5927.789 26.0 4.652  -1.04   6.07e-31  46.0  43.6
 5934.655 26.0 3.928  -1.07   5.69e-31  79.1  77.9
 5956.694 26.0 0.8589 -4.605  1.55e-32  52.3  52.8
 5987.065 26.0 4.795  -0.212  1.55e-32  70.3  68.2
 6003.012 26.0 3.881  -1.060  4.83e-31  85.5  84.5
 6005.541 26.0 2.588  -3.43   2.80e+00  23.9  23.0
 6024.058 26.0 4.548  -0.02   3.88e-31 114.0 111.2
 6027.050 26.0 4.0758 -1.09   2.80e+00  65.7  64.0
 6056.005 26.0 4.733  -0.45   6.79e-31  74.2  72.3
 6065.482 26.0 2.6085 -1.530  4.71e-32 118.8 117.3
 6079.009 26.0 4.652  -1.10   5.13e-31  47.5  46.5
 6082.711 26.0 2.223  -3.573  3.27e-32  35.3  34.0
 6093.644 26.0 4.607  -1.30   4.41e-31  32.8  30.8
 6096.665 26.0 3.9841 -1.81   5.75e-31  39.3  37.6
 6151.618 26.0 2.1759 -3.299  2.55e-32  51.2  49.9
 6157.728 26.0 4.076  -1.22   2.80e+00  64.7  62.7
 6165.360 26.0 4.1426 -1.46   2.80e+00  47.4  45.4
 6173.335 26.0 2.223  -2.880  2.65e-32  69.0  68.7
 6187.990 26.0 3.943  -1.67   4.90e-31  49.4  47.6
 6200.313 26.0 2.6085 -2.437  4.58e-32  74.6  73.6
 6213.430 26.0 2.2227 -2.52   2.62e-32  83.9  82.7
 6219.281 26.0 2.198  -2.433  2.58e-32  91.2  90.3
 6226.736 26.0 3.883  -2.1    4.15e-31  31.5  30.1
 6240.646 26.0 2.2227 -3.233  3.14e-32  49.3  48.7
 6252.555 26.0 2.4040 -1.687  3.84e-32 123.1 121.6
 6265.134 26.0 2.1759 -2.550  2.48e-32  86.9  85.9
 6270.225 26.0 2.8580 -2.54   4.58e-32  52.9  52.2
 6271.279 26.0 3.332  -2.703  2.78e-31  25.3  24.6
 6380.743 26.0 4.186  -1.376  2.80e+00  54.3  53.2
 6392.539 26.0 2.279  -4.03   3.38e-32  17.3  16.7
 6430.846 26.0 2.1759 -2.006  2.42e-32 113.4 114.0
 6498.939 26.0 0.9581 -4.699  1.53e-32  47.2  46.5
 6593.871 26.0 2.4326 -2.422  3.69e-32  86.6  86.3
 6597.561 26.0 4.795  -0.98   4.76e-31  46.2  44.7
 6625.022 26.0 1.011  -5.336  2.80e+00  15.8  14.9
 6677.987 26.0 2.692  -1.418  3.46e-32 132.8 129.9
 6703.567 26.0 2.7585 -3.023  3.66e-32  38.3  37.6
 6705.102 26.0 4.607  -0.98   2.80e+00  47.9  46.3
 6710.319 26.0 1.485  -4.88   2.01e-32  15.7  15.7
 6713.745 26.0 4.795  -1.40   4.30e-31  22.3  21.2
 6725.357 26.0 4.103  -2.19   4.82e-31  19.2  18.6
 6726.667 26.0 4.607  -1.03   4.82e-31  48.4  47.4
 6733.151 26.0 4.638  -1.47   3.41e-31  28.7  27.0
 6739.522 26.0 1.557  -4.79   2.10e-32  13.2  12.4
 6750.152 26.0 2.4241 -2.621  4.11e-32  75.3  75.3
 6752.707 26.0 4.638  -1.204  3.37e-31  39.0  36.8
 6793.259 26.0 4.076  -2.326  2.80e+00  14.3  13.0
 6806.845 26.0 2.727  -3.11   3.46e-32  35.8  35.4
 6810.263 26.0 4.607  -0.986  4.50e-31  53.1  50.6
 6837.006 26.0 4.593  -1.687  2.46e-32  20.0  18.9
 6839.830 26.0 2.559  -3.35   3.95e-32  32.5  31.6
 6843.656 26.0 4.548  -0.86   2.94e-31  64.1  63.3
 6858.150 26.0 4.607  -0.930  3.24e-31  53.6  52.4
 5197.577 26.1 3.2306 -2.22   8.69e-33  84.0  80.7
 5234.625 26.1 3.2215 -2.18   8.69e-33  83.5  80.7
 5264.812 26.1 3.2304 -3.13   9.43e-33  48.6  45.8
 5325.553 26.1 3.2215 -3.16   8.57e-33  42.7  41.3
 5414.073 26.1 3.2215 -3.58   9.30e-33  28.5  26.7
 5425.257 26.1 3.1996 -3.22   8.45e-33  43.0  41.3
 6084.111 26.1 3.1996 -3.79   7.87e-33  22.6  20.9
 6247.557 26.1 3.8918 -2.30   9.43e-33  54.6  52.9
 6369.462 26.1 2.8912 -4.11   7.42e-33  20.4  18.7
 6416.919 26.1 3.8918 -2.64   9.30e-33  42.6  40.5
 6432.680 26.1 2.8912 -3.57   7.42e-33  43.9  42.4
 6456.383 26.1 3.9036 -2.05   9.30e-33  64.9  62.4
 5052.167 06.0 7.685  -1.24   2.80e+00  34.0  34.5
 5380.337 06.0 7.685  -1.57   2.80e+00  20.5  20.6
 6587.61  06.0 8.537  -1.05   2.80e+00  15.6  15.2
 7111.47  06.0 8.640  -1.07   2.91e-30  14.9  14.3
 7113.179 06.0 8.647  -0.76   2.97e-30  24.9  23.6
 7771.944 08.0 9.146   0.37   8.41e-32  73.0  71.1
 7774.166 08.0 9.146   0.22   8.41e-32  65.6  63.7
 7775.388 08.0 9.146   0.00   8.41e-32  51.7  51.1
 4751.822 11.0 2.1044 -2.078  2.80e+00  11.9  11.6
 5148.838 11.0 2.1023 -2.044  2.80e+00  11.8  11.7
 6154.225 11.0 2.1023 -1.547  2.80e+00  36.9  36.9
 6160.747 11.0 2.1044 -1.246  2.80e+00  54.0  54.3
 4571.095 12.0 0.000  -5.623  2.80e+00 105.6 106.0
 4730.040 12.0 4.340  -2.389  2.80e+00  69.3  69.0
 5711.088 12.0 4.345  -1.729  2.80e+00 106.4 105.6
 6319.236 12.0 5.108  -2.165  2.80e+00  27.6  25.6
 6696.018 13.0 3.143  -1.481  2.80e+00  37.0  36.3
 6698.667 13.0 3.143  -1.782  2.80e+00  21.7  21.2
 7835.309 13.0 4.021  -0.68   2.80e+00  43.6  43.6
 7836.134 13.0 4.021  -0.45   2.80e+00  60.9  57.7
 8772.866 13.0 4.0215 -0.38   9.71e-30  75.0  73.9
 8773.896 13.0 4.0216 -0.22   9.71e-30  95.3  92.3
 5488.983 14.0 5.614  -1.69   2.80e+00  21.4  19.8
 5517.540 14.0 5.080  -2.496  2.80e+00  15.3  13.9
 5645.611 14.0 4.929  -2.04   2.80e+00  37.7  36.1
 5665.554 14.0 4.920  -1.94   2.80e+00  43.2  41.1
 5684.484 14.0 4.953  -1.55   2.80e+00  64.3  62.0
 5690.425 14.0 4.929  -1.77   2.80e+00  51.2  49.3
 5701.104 14.0 4.930  -1.95   2.80e+00  41.4  40.5
 5793.073 14.0 4.929  -1.96   2.80e+00  45.8  44.0
 6125.021 14.0 5.614  -1.50   2.80e+00  33.8  32.1
 6145.015 14.0 5.616  -1.41   2.80e+00  40.8  39.1
 6243.823 14.0 5.616  -1.27   2.80e+00  47.0  44.6
 6244.476 14.0 5.616  -1.32   2.80e+00  48.3  45.8
 6721.848 14.0 5.862  -1.12   2.80e+00  48.0  44.8
 6741.63  14.0 5.984  -1.65   2.80e+00  17.3  16.4
 6046.000 16.0 7.868  -0.15   2.80e+00  22.2  20.0
 6052.656 16.0 7.870  -0.4    2.80e+00  12.8  12.3
 6743.54  16.0 7.866  -0.6    2.80e+00   9.0   8.5
 6757.153 16.0 7.870  -0.15   2.80e+00  20.1  19.5
 8693.93  16.0 7.870  -0.44   1.51e-30  13.2  12.7
 8694.62  16.0 7.870   0.1    1.51e-30  30.3  28.6
 7698.974 19.0 0.000  -0.168  1.04e-31 157.3 157.0
 5260.387 20.0 2.521  -1.719  7.27e-32  35.9  34.0
 5512.980 20.0 2.933  -0.464  2.80e+00  88.1  85.7
 5581.965 20.0 2.5229 -0.555  6.40e-32  96.5  94.8
 5590.114 20.0 2.521  -0.571  6.36e-32  94.7  92.4
 5867.562 20.0 2.933  -1.57   2.80e+00  25.1  24.0
 6166.439 20.0 2.521  -1.142  5.95e-31  71.9  70.2
 6169.042 20.0 2.523  -0.797  5.95e-31  95.4  92.7
 6455.598 20.0 2.523  -1.34   5.09e-32  58.0  56.8
 6471.662 20.0 2.525  -0.686  5.09e-32  94.4  93.3
 6499.650 20.0 2.523  -0.818  5.05e-32  88.6  86.5
 4743.821 21.0 1.4478  0.35   5.97e-32   9.3   9.1
 5081.57  21.0 1.4478  0.30   2.80e+00   9.6   9.1
 5520.497 21.0 1.8649  0.55   2.80e+00   7.4   7.4
 5671.821 21.0 1.4478  0.55   2.80e+00  15.3  15.2
 5526.820 21.1 1.770   0.140  2.80e+00  78.5  76.6
 5657.87  21.1 1.507  -0.30   2.80e+00  70.3  68.6
 5684.19  21.1 1.507  -0.95   2.80e+00  39.4  38.6
 6245.63  21.1 1.507  -1.030  2.80e+00  36.4  35.3
 6279.76  21.1 1.500  -1.2    2.80e+00  30.6  30.3
 6320.843 21.1 1.500  -1.85   2.80e+00   9.7   9.0
 6604.578 21.1 1.3569 -1.15   2.80e+00  39.1  37.1
 4465.802 22.0 1.7393 -0.163  3.98e-32  40.6  40.4
 4555.485 22.0 0.8484 -0.488  4.42e-32  66.6  66.1
 4758.120 22.0 2.2492  0.425  3.84e-32  45.2  45.2
 4759.272 22.0 2.2555  0.514  3.86e-32  47.1  46.9
 4820.410 22.0 1.5024 -0.439  3.78e-32  45.9  44.3
 4913.616 22.0 1.8731  0.161  3.86e-32  54.5  52.1
 5022.871 22.0 0.8258 -0.434  3.58e-32  73.0  72.6
 5113.448 22.0 1.443  -0.783  3.06e-32  28.6  27.5
 5147.479 22.0 0.0000 -2.012  2.08e-32  37.6  37.5
 5219.700 22.0 0.021  -2.292  2.08e-32  29.0  29.1
 5295.774 22.0 1.0665 -1.633  2.58e-32  13.6  13.3
 5490.150 22.0 1.460  -0.933  5.41e-32  22.9  22.1
 5739.464 22.0 2.249  -0.60   3.86e-32   8.7   8.5
 5866.452 22.0 1.066  -0.840  2.16e-32  48.6  48.0
 6091.174 22.0 2.2673 -0.423  3.89e-32  16.3  15.8
 6126.217 22.0 1.066  -1.424  2.06e-32  23.1  22.8
 6258.104 22.0 1.443  -0.355  4.81e-32  52.6  52.3
 6261.101 22.0 1.429  -0.479  4.68e-32  49.8  49.1
 4470.857 22.1 1.1649 -2.06   2.80e+00  64.8  64.0
 4544.028 22.1 1.2429 -2.53   2.80e+00  44.4  41.5
 4583.408 22.1 1.165  -2.87   2.80e+00  33.8  32.2
 4636.33  22.1 1.16   -3.152  2.80e+00  20.8  20.3
 4657.212 22.1 1.243  -2.47   2.80e+00  47.8  46.4
 4779.985 22.1 2.0477 -1.26   2.80e+00  65.8  64.9
 4865.611 22.1 1.116  -2.81   2.80e+00  41.5  40.3
 4874.014 22.1 3.095  -0.9    2.80e+00  37.9  36.7
 4911.193 22.1 3.123  -0.537  2.80e+00  53.8  52.7
 5211.54  22.1 2.59   -1.49   2.80e+00  35.1  33.5
 5336.778 22.1 1.582  -1.630  2.80e+00  73.8  72.2
 5381.015 22.1 1.565  -1.97   2.80e+00  62.2  60.1
 5418.767 22.1 1.582  -2.11   2.80e+00  51.1  49.1
 4875.486 23.0 0.040  -0.81   1.98e-32  46.1  46.6
 5670.85  23.0 1.080  -0.42   3.58e-32  19.6  19.7
 5727.046 23.0 1.081  -0.011  4.35e-32  40.2  40.1
 6039.73  23.0 1.063  -0.65   3.98e-32  13.5  13.0
 6081.44  23.0 1.051  -0.578  3.89e-32  14.2  14.4
 6090.21  23.0 1.080  -0.062  3.98e-32  34.4  34.6
 6119.528 23.0 1.064  -0.320  3.89e-32  21.9  21.8
 6199.20  23.0 0.286  -1.28   1.96e-32  13.7  13.8
 6251.82  23.0 0.286  -1.34   1.96e-32  14.4  14.9
 4801.047 24.0 3.1216 -0.130  4.52e-32  51.0  49.3
 4936.335 24.0 3.1128 -0.25   4.32e-32  47.1  45.4
 5214.140 24.0 3.3694 -0.74   2.06e-32  18.2  17.6
 5238.964 24.0 2.709  -1.27   5.19e-32  17.2  16.5
 5247.566 24.0 0.960  -1.59   3.92e-32  83.7  82.4
 5272.007 24.0 3.449  -0.42   3.15e-31  26.3  24.9
 5287.20  24.0 3.438  -0.87   3.09e-31  11.7  10.8
 5296.691 24.0 0.983  -1.36   3.92e-32  94.2  93.6
 5300.744 24.0 0.982  -2.13   3.92e-32  61.0  60.4
 5345.801 24.0 1.0036 -0.95   3.92e-32 115.2 113.3
 5348.312 24.0 1.0036 -1.21   3.92e-32 101.1 100.4
 5783.08  24.0 3.3230 -0.43   8.02e-31  33.4  32.1
 5783.87  24.0 3.3223 -0.295  7.98e-31  46.3  44.9
 6661.08  24.0 4.1926 -0.19   4.67e-31  13.9  13.4
 4588.199 24.1 4.071  -0.594  2.80e+00  71.5  69.3
 4592.049 24.1 4.073  -1.252  2.80e+00  49.0  46.6
 5237.328 24.1 4.073  -1.087  2.80e+00  54.9  52.7
 5246.767 24.1 3.714  -2.436  2.80e+00  16.8  15.4
 5305.870 24.1 3.827  -1.97   2.80e+00  27.7  25.6
 5308.41  24.1 4.0712 -1.846  2.80e+00  28.7  26.8
 5502.067 24.1 4.168  -2.049  2.80e+00  20.1  18.3
 5004.891 25.0 2.9197 -1.63   3.14e-32  14.3  13.9
 5399.470 25.0 3.85   -0.104  2.80e+00  40.6  39.3
 6013.49  25.0 3.073  -0.251  2.80e+00  87.1  86.0
 6016.64  25.0 3.073  -0.084  2.80e+00  96.7  96.3
 6021.79  25.0 3.076  +0.034  2.80e+00  90.4  89.6
 5212.691 27.0 3.5144 -0.11   3.39e-31  20.6  20.9
 5247.911 27.0 1.785  -2.08   3.27e-32  17.9  18.2
 5301.039 27.0 1.710  -1.99   3.01e-32  19.8  20.4
 5342.695 27.0 4.021   0.54   2.80e+00  33.9  33.7
 5483.352 27.0 1.7104 -1.49   2.89e-32  51.2  51.5
 5530.774 27.0 1.710  -2.23   2.26e-32  19.4  20.4
 5647.23  27.0 2.280  -1.56   4.14e-32  14.2  14.3
 6189.00  27.0 1.710  -2.46   2.06e-32  10.7  11.1
 6454.995 27.0 3.6320 -0.25   3.78e-31  14.0  14.4
 4953.208 28.0 3.7397 -0.66   3.25e-31  57.6  57.2
 5010.938 28.0 3.635  -0.87   3.90e-31  50.7  50.1
 5176.560 28.0 3.8982 -0.44   3.84e-31  59.9  59.0
 5589.358 28.0 3.898  -1.14   3.98e-31  28.9  27.9
 5643.078 28.0 4.164  -1.25   3.79e-31  15.7  15.1
 5805.217 28.0 4.1672 -0.64   4.10e-31  44.3  42.6
 6086.282 28.0 4.266  -0.51   4.06e-31  45.8  44.0
 6108.116 28.0 1.676  -2.44   2.48e-32  65.7  65.3
 6130.135 28.0 4.266  -0.96   3.91e-31  23.8  22.7
 6176.811 28.0 4.088  -0.26   3.92e-31  65.0  64.4
 6177.242 28.0 1.826  -3.51   2.80e+00  14.8  15.4
 6204.604 28.0 4.088  -1.14   2.77e-31  22.7  22.5
 6223.984 28.0 4.105  -0.98   3.93e-31  28.8  27.9
 6378.25  28.0 4.1535 -0.90   3.91e-31  33.2  32.1
 6643.630 28.0 1.676  -2.1    2.14e-32  94.1  93.9
 6767.772 28.0 1.826  -2.17   2.80e+00  80.1  79.7
 6772.315 28.0 3.657  -0.99   3.56e-31  52.0  51.2
 7727.624 28.0 3.678  -0.4    3.43e-31  93.3  93.2
 7797.586 28.0 3.89   -0.34   2.80e+00  80.3  78.6
 5105.541 29.0 1.39   -1.516  2.80e+00  93.1  94.1
 5218.197 29.0 3.816   0.476  2.80e+00  48.8  48.4
 5220.066 29.0 3.816  -0.448  2.80e+00  17.5  17.0
 7933.13  29.0 3.79   -0.368  2.80e+00  28.2  28.1
 4722.159 30.0 4.03   -0.38   2.80e+00  69.9  70.0
 4810.534 30.0 4.08   -0.16   2.80e+00  74.3  74.2
 6362.35  30.0 5.79    0.14   2.80e+00  23.4  23.0
 4607.338 38.0 0.00    0.283  6.55e-32  47.2  44.9
 4854.867 39.1 0.9923 -0.38   2.80e+00  57.7  54.4
 4883.685 39.1 1.0841  0.07   2.80e+00  62.0  59.3
 4900.110 39.1 1.0326 -0.09   2.80e+00  58.7  55.9
 5087.420 39.1 1.0841 -0.17   2.80e+00  51.1  47.7
 5200.413 39.1 0.9923 -0.57   2.80e+00  42.0  38.4
 4050.320 40.1 0.713  -1.06   2.80e+00  26.2  23.9
 4208.980 40.1 0.713  -0.51   2.80e+00  45.5  42.1
 4442.992 40.1 1.486  -0.42   2.80e+00  26.8  24.4
 3158.16  42.0 0.000  -0.31   2.80e+00  13.3  11.6
 3193.97  42.0 0.000   0.07   2.80e+00  16.2  15.0
 3436.736 44.0 0.148   0.165  2.80e+00   8.8   7.0
 3498.942 44.0 0.000   0.322  2.80e+00  27.4  25.4
 3242.698 46.0 0.8138  0.07   2.80e+00  27.2  25.5
 3404.576 46.0 0.8138  0.33   2.80e+00  32.9  30.2
 3516.944 46.0 0.9615 -0.21   2.80e+00  16.2  14.1
 3280.68  47.0 0.0000 -0.022  2.80e+00  40.6  38.5
 3382.89  47.0 0.0000 -0.334  2.80e+00  29.3  26.9
 5853.67  56.1 0.604  -0.91   5.30e-32  67.7  63.4
 6141.71  56.1 0.704  -0.08   5.30e-32 121.2 114.9
 6496.90  56.1 0.604  -0.38   5.30e-32 106.8  99.9
 4662.50  57.1 0.0000 -1.24   2.80e+00   7.6   6.1
 4748.73  57.1 0.9265 -0.54   2.80e+00   4.8   3.9
 5303.53  57.1 0.3213 -1.35   2.80e+00   4.1   3.2
 3942.151 58.1 0.000  -0.22   2.80e+00  13.4  11.9
 3999.237 58.1 0.295   0.06   2.80e+00  20.4  17.2
 4042.581 58.1 0.495   0.00   2.80e+00  12.1  10.0
 4073.474 58.1 0.477   0.21   2.80e+00  16.4  14.4
 4364.653 58.1 0.495  -0.17   2.80e+00  13.6  11.4
 4523.075 58.1 0.516  -0.08   2.80e+00  15.0  12.9
 4562.359 58.1 0.477   0.21   2.80e+00  27.4  24.7
 5274.229 58.1 1.044   0.13   2.80e+00   9.8   8.5
 5259.73  59.1 0.633   0.114  2.80e+00   2.9   2.3
 4021.33  60.1 0.320  -0.10   2.80e+00  14.8  12.4
 4059.95  60.1 0.204  -0.52   2.80e+00   7.5   5.4
 4446.38  60.1 0.204  -0.35   2.80e+00  11.9   9.7
 5234.19  60.1 0.550  -0.51   2.80e+00   6.7   5.2
 5293.16  60.1 0.822   0.10   2.80e+00  12.5  10.0
 5319.81  60.1 0.550  -0.14   2.80e+00  13.3  10.8
 3760.70  62.1 0.18   -0.42   2.80e+00   9.9   7.1
 4318.936 62.1 0.277  -0.25   2.80e+00  14.1  10.4
 4467.341 62.1 0.659   0.15   2.80e+00  14.5  12.6
 4519.630 62.1 0.543  -0.35   2.80e+00   6.7   5.3
 4676.902 62.1 0.040  -0.87   2.80e+00   6.6   5.0
 3819.67  63.1 0.000   0.51   2.80e+00  47.4  33.2
 3907.11  63.1 0.207   0.17   2.80e+00  28.8  19.0
 4129.72  63.1 0.000   0.22   2.80e+00  70.1  56.3
 6645.10  63.1 1.379   0.12   2.80e+00   8.0   6.6
 3331.387 64.1 0.000  -0.28   2.80e+00  10.2   7.8
 3697.733 64.1 0.032  -0.34   2.80e+00   6.0   4.5
 3712.704 64.1 0.382   0.04   2.80e+00  15.5  12.3
 3768.396 64.1 0.078   0.21   2.80e+00  17.7  14.0
 4251.731 64.1 0.382  -0.22   2.80e+00  13.3  10.4
 3531.71  66.1 0.000   0.77   2.80e+00  40.3  36.1
 3536.02  66.1 0.538   0.53   2.80e+00  24.4  19.8
 3694.81  66.1 0.103  -0.11   2.80e+00  17.3  13.9
 4077.97  66.1 0.103  -0.04   2.80e+00  14.8  10.7
 4103.31  66.1 0.103  -0.38   2.80e+00  17.8  15.0
 4449.70  66.1 0.000  -1.03   2.80e+00   4.3   3.3
 3694.19  70.1 0.000  -0.30   2.80e+00  81.2  73.9
