    3    2    P
    1    0    0    1
     33     55
  5.531590E+00    0.0100
  5.498530E+00 2.630E+00
  5.506800E+00 2.622E+00
  5.515060E+00 2.614E+00
  5.523330E+00 2.606E+00
  5.531550E+00 2.598E+00
  5.915320E+00 2.282E+00
  6.302540E+00 2.009E+00
  6.695970E+00 1.771E+00
  7.097670E+00 1.563E+00
  7.509320E+00 1.381E+00
  7.950485E+00 1.213E+00
  8.404530E+00 1.066E+00
  8.871874E+00 9.366E-01
  9.352922E+00 8.230E-01
  9.848063E+00 7.232E-01
  1.035769E+01 6.355E-01
  1.088218E+01 5.584E-01
  1.142193E+01 4.907E-01
  1.197731E+01 4.312E-01
  1.254870E+01 3.789E-01
  1.313649E+01 3.329E-01
  1.374106E+01 2.925E-01
  1.436279E+01 2.570E-01
  1.500208E+01 2.258E-01
  1.565931E+01 1.984E-01
  1.633488E+01 1.743E-01
  1.702921E+01 1.531E-01
  1.774268E+01 1.345E-01
  1.847571E+01 1.181E-01
  1.922870E+01 1.037E-01
  2.000211E+01 9.111E-02
  2.079633E+01 8.002E-02
  2.161180E+01 7.027E-02
  2.244897E+01 6.196E-02
  2.256740E+01 6.113E-02
  2.369820E+01 5.433E-02
  2.488560E+01 4.822E-02
  2.613260E+01 4.274E-02
  2.744200E+01 3.783E-02
  2.881700E+01 3.344E-02
  3.026090E+01 2.953E-02
  3.177720E+01 2.603E-02
  3.336950E+01 2.292E-02
  3.504150E+01 2.016E-02
  3.679730E+01 1.771E-02
  3.864110E+01 1.555E-02
  4.057730E+01 1.363E-02
  4.261050E+01 1.194E-02
  4.474560E+01 1.044E-02
  4.698770E+01 9.125E-03
  4.934210E+01 7.970E-03
  5.181440E+01 6.951E-03
  5.441070E+01 6.059E-03
  5.713700E+01 5.274E-03
  6.000000E+01 4.586E-03
    1    0    0    2
     24     62
  1.077410E+00    0.0100
  1.044350E+00 3.235E+00
  1.052620E+00 3.190E+00
  1.060880E+00 3.146E+00
  1.069140E+00 3.102E+00
  1.077370E+00 3.060E+00
  1.152730E+00 2.716E+00
  1.231200E+00 2.411E+00
  1.312940E+00 2.140E+00
  1.398140E+00 1.900E+00
  1.486970E+00 1.687E+00
  1.579610E+00 1.498E+00
  1.676250E+00 1.331E+00
  1.777070E+00 1.182E+00
  1.882280E+00 1.050E+00
  1.992090E+00 9.324E-01
  2.106690E+00 8.282E-01
  2.226330E+00 7.357E-01
  2.351210E+00 6.535E-01
  2.481600E+00 5.806E-01
  2.617720E+00 5.158E-01
  2.759860E+00 4.582E-01
  2.908280E+00 4.071E-01
  3.063270E+00 3.617E-01
  3.225130E+00 3.213E-01
  3.398026E+00 2.830E-01
  3.578211E+00 2.502E-01
  3.765934E+00 2.211E-01
  3.961454E+00 1.954E-01
  4.165031E+00 1.726E-01
  4.376938E+00 1.525E-01
  4.597449E+00 1.347E-01
  4.826857E+00 1.190E-01
  5.065448E+00 1.051E-01
  5.313534E+00 9.283E-02
  5.571415E+00 8.197E-02
  5.839417E+00 7.238E-02
  6.117864E+00 6.390E-02
  6.407090E+00 5.641E-02
  6.707443E+00 4.980E-02
  7.019279E+00 4.396E-02
  7.342964E+00 3.879E-02
  7.678865E+00 3.424E-02
  8.027369E+00 3.021E-02
  8.388871E+00 2.666E-02
  8.763779E+00 2.352E-02
  9.152499E+00 2.075E-02
  9.555463E+00 1.830E-02
  9.973115E+00 1.615E-02
  1.040589E+01 1.424E-02
  1.085427E+01 1.256E-02
  1.131870E+01 1.108E-02
  1.179967E+01 9.768E-03
  1.229769E+01 8.613E-03
  1.281326E+01 7.594E-03
  1.334690E+01 6.696E-03
  1.389917E+01 5.903E-03
  1.447060E+01 5.203E-03
  1.506174E+01 4.587E-03
  1.567319E+01 4.043E-03
  1.630553E+01 3.563E-03
  1.695938E+01 3.140E-03
  1.763536E+01 2.767E-03
    1    0    0    3
     36     64
  4.662990E-01    0.0100
  4.332410E-01 5.696E+00
  4.415050E-01 5.507E+00
  4.497700E-01 5.327E+00
  4.580340E-01 5.155E+00
  4.662590E-01 4.992E+00
  4.966370E-01 4.455E+00
  5.286910E-01 3.975E+00
  5.625040E-01 3.546E+00
  5.981610E-01 3.164E+00
  6.357510E-01 2.822E+00
  6.753670E-01 2.516E+00
  7.171070E-01 2.244E+00
  7.610720E-01 2.001E+00
  8.073670E-01 1.784E+00
  8.561050E-01 1.590E+00
  9.074000E-01 1.417E+00
  9.613740E-01 1.263E+00
  1.018150E+00 1.125E+00
  1.077860E+00 1.003E+00
  1.140650E+00 8.934E-01
  1.206650E+00 7.959E-01
  1.276020E+00 7.089E-01
  1.348900E+00 6.314E-01
  1.425470E+00 5.623E-01
  1.505890E+00 5.007E-01
  1.590340E+00 4.459E-01
  1.679010E+00 3.970E-01
  1.772080E+00 3.534E-01
  1.869750E+00 3.146E-01
  1.972240E+00 2.800E-01
  2.079760E+00 2.492E-01
  2.192540E+00 2.218E-01
  2.310810E+00 1.974E-01
  2.434830E+00 1.756E-01
  2.564840E+00 1.563E-01
  2.701130E+00 1.390E-01
  2.847392E+00 1.230E-01
  3.000708E+00 1.090E-01
  3.161382E+00 9.666E-02
  3.329729E+00 8.566E-02
  3.506079E+00 7.592E-02
  3.690767E+00 6.727E-02
  3.884152E+00 5.961E-02
  4.086597E+00 5.281E-02
  4.298487E+00 4.679E-02
  4.520217E+00 4.145E-02
  4.752196E+00 3.671E-02
  4.994852E+00 3.252E-02
  5.248621E+00 2.880E-02
  5.513968E+00 2.551E-02
  5.791368E+00 2.259E-02
  6.081311E+00 2.000E-02
  6.384310E+00 1.771E-02
  6.700891E+00 1.568E-02
  7.031608E+00 1.388E-02
  7.377028E+00 1.229E-02
  7.737746E+00 1.087E-02
  8.114376E+00 9.625E-03
  8.507547E+00 8.519E-03
  8.917914E+00 7.539E-03
  9.346168E+00 6.671E-03
  9.793004E+00 5.903E-03
  1.025916E+01 5.223E-03
  1.074539E+01 4.621E-03
    1    0    0    4
     45     65
  2.590620E-01    0.0100
  2.260050E-01 9.259E+00
  2.342690E-01 8.670E+00
  2.425340E-01 8.135E+00
  2.507980E-01 7.647E+00
  2.590230E-01 7.203E+00
  2.752140E-01 6.435E+00
  2.923370E-01 5.749E+00
  3.104400E-01 5.135E+00
  3.295760E-01 4.586E+00
  3.497970E-01 4.096E+00
  3.711620E-01 3.657E+00
  3.937300E-01 3.266E+00
  4.175630E-01 2.915E+00
  4.427260E-01 2.603E+00
  4.692880E-01 2.323E+00
  4.973210E-01 2.073E+00
  5.269000E-01 1.850E+00
  5.581040E-01 1.651E+00
  5.910140E-01 1.473E+00
  6.257180E-01 1.314E+00
  6.623050E-01 1.173E+00
  7.008700E-01 1.046E+00
  7.415110E-01 9.329E-01
  7.843330E-01 8.320E-01
  8.294440E-01 7.420E-01
  8.769560E-01 6.616E-01
  9.269870E-01 5.899E-01
  9.796630E-01 5.259E-01
  1.035110E+00 4.688E-01
  1.093470E+00 4.179E-01
  1.154870E+00 3.725E-01
  1.219480E+00 3.320E-01
  1.287430E+00 2.959E-01
  1.358900E+00 2.636E-01
  1.434040E+00 2.349E-01
  1.513050E+00 2.093E-01
  1.596090E+00 1.864E-01
  1.683370E+00 1.661E-01
  1.775080E+00 1.479E-01
  1.871430E+00 1.318E-01
  1.972640E+00 1.174E-01
  2.078940E+00 1.045E-01
  2.190560E+00 9.306E-02
  2.307750E+00 8.286E-02
  2.430780E+00 7.377E-02
  2.563459E+00 6.550E-02
  2.702873E+00 5.814E-02
  2.849339E+00 5.159E-02
  3.003188E+00 4.579E-02
  3.164768E+00 4.063E-02
  3.334440E+00 3.605E-02
  3.512583E+00 3.199E-02
  3.699590E+00 2.838E-02
  3.895873E+00 2.518E-02
  4.101858E+00 2.233E-02
  4.317996E+00 1.981E-02
  4.544751E+00 1.757E-02
  4.782614E+00 1.558E-02
  5.032091E+00 1.382E-02
  5.293711E+00 1.226E-02
  5.568026E+00 1.087E-02
  5.855609E+00 9.639E-03
  6.157068E+00 8.547E-03
  6.473018E+00 7.578E-03
  6.804120E+00 6.719E-03
    1    0    0    5
     53     66
  1.646100E-01    0.0100
  1.315520E-01 1.474E+01
  1.398170E-01 1.316E+01
  1.480810E-01 1.181E+01
  1.563460E-01 1.066E+01
  1.645700E-01 9.677E+00
  1.743350E-01 8.654E+00
  1.846790E-01 7.738E+00
  1.956370E-01 6.919E+00
  2.072410E-01 6.186E+00
  2.195290E-01 5.530E+00
  2.325390E-01 4.943E+00
  2.463110E-01 4.419E+00
  2.608880E-01 3.949E+00
  2.763140E-01 3.529E+00
  2.926350E-01 3.154E+00
  3.099010E-01 2.818E+00
  3.281620E-01 2.517E+00
  3.474710E-01 2.249E+00
  3.678860E-01 2.009E+00
  3.894640E-01 1.794E+00
  4.122680E-01 1.602E+00
  4.363610E-01 1.431E+00
  4.618100E-01 1.277E+00
  4.886870E-01 1.140E+00
  5.170640E-01 1.018E+00
  5.470170E-01 9.084E-01
  5.786280E-01 8.107E-01
  6.119780E-01 7.234E-01
  6.471560E-01 6.454E-01
  6.842510E-01 5.757E-01
  7.233590E-01 5.135E-01
  7.645770E-01 4.580E-01
  8.080090E-01 4.084E-01
  8.537600E-01 3.641E-01
  9.019430E-01 3.246E-01
  9.526720E-01 2.894E-01
  1.006070E+00 2.579E-01
  1.062250E+00 2.298E-01
  1.121360E+00 2.048E-01
  1.183520E+00 1.824E-01
  1.248880E+00 1.625E-01
  1.317570E+00 1.447E-01
  1.389760E+00 1.289E-01
  1.465590E+00 1.148E-01
  1.545230E+00 1.022E-01
  1.628840E+00 9.095E-02
  1.716610E+00 8.095E-02
  1.808700E+00 7.204E-02
  1.905300E+00 6.410E-02
  2.006610E+00 5.703E-02
  2.112830E+00 5.073E-02
  2.224160E+00 4.512E-02
  2.340820E+00 4.013E-02
  2.468859E+00 3.625E-02
  2.603547E+00 3.219E-02
  2.745212E+00 2.859E-02
  2.894195E+00 2.539E-02
  3.050859E+00 2.254E-02
  3.215578E+00 2.001E-02
  3.388746E+00 1.777E-02
  3.570773E+00 1.577E-02
  3.762094E+00 1.400E-02
  3.963156E+00 1.243E-02
  4.174434E+00 1.104E-02
  4.396418E+00 9.795E-03
  4.629627E+00 8.694E-03
    1    0    0    6
     58     65
  1.137680E-01    0.0100
  8.532596E-02 2.161E+01
  8.897430E-02 1.984E+01
  9.723872E-02 1.675E+01
  1.055030E-01 1.432E+01
  1.137280E-01 1.239E+01
  1.204600E-01 1.107E+01
  1.275810E-01 9.896E+00
  1.351140E-01 8.844E+00
  1.430820E-01 7.903E+00
  1.515080E-01 7.062E+00
  1.604190E-01 6.310E+00
  1.698400E-01 5.638E+00
  1.798010E-01 5.037E+00
  1.903320E-01 4.500E+00
  2.014620E-01 4.020E+00
  2.132260E-01 3.591E+00
  2.256580E-01 3.208E+00
  2.387950E-01 2.865E+00
  2.526740E-01 2.559E+00
  2.673380E-01 2.285E+00
  2.828270E-01 2.041E+00
  2.991860E-01 1.823E+00
  3.164630E-01 1.627E+00
  3.347060E-01 1.453E+00
  3.539690E-01 1.297E+00
  3.743040E-01 1.158E+00
  3.957700E-01 1.034E+00
  4.184260E-01 9.232E-01
  4.423350E-01 8.241E-01
  4.675650E-01 7.355E-01
  4.941840E-01 6.565E-01
  5.222660E-01 5.859E-01
  5.518870E-01 5.229E-01
  5.831280E-01 4.666E-01
  6.160730E-01 4.164E-01
  6.508120E-01 3.715E-01
  6.874360E-01 3.315E-01
  7.260440E-01 2.957E-01
  7.667380E-01 2.638E-01
  8.096240E-01 2.353E-01
  8.548160E-01 2.099E-01
  9.024320E-01 1.872E-01
  9.525940E-01 1.670E-01
  1.005430E+00 1.489E-01
  1.061080E+00 1.328E-01
  1.119690E+00 1.184E-01
  1.181390E+00 1.056E-01
  1.246360E+00 9.416E-02
  1.314740E+00 8.395E-02
  1.386720E+00 7.484E-02
  1.462470E+00 6.672E-02
  1.542170E+00 5.947E-02
  1.626030E+00 5.301E-02
  1.713770E+00 4.727E-02
  1.810340E+00 4.179E-02
  1.921940E+00 3.655E-02
  2.029900E+00 3.229E-02
  2.235450E+00 2.584E-02
  2.358857E+00 2.345E-02
  2.488835E+00 2.084E-02
  2.625723E+00 1.852E-02
  2.769870E+00 1.645E-02
  2.921651E+00 1.462E-02
  3.081456E+00 1.299E-02
  3.249691E+00 1.154E-02
    1    0    0    7
     63     64
  8.330047E-02    0.0100
  6.247535E-02 2.716E+01
  6.677151E-02 2.359E+01
  7.503599E-02 1.880E+01
  8.326048E-02 1.533E+01
  8.810878E-02 1.370E+01
  9.323633E-02 1.224E+01
  9.865868E-02 1.094E+01
  1.043930E-01 9.776E+00
  1.104560E-01 8.735E+00
  1.168660E-01 7.805E+00
  1.236430E-01 6.974E+00
  1.308080E-01 6.231E+00
  1.383820E-01 5.567E+00
  1.463870E-01 4.973E+00
  1.548480E-01 4.443E+00
  1.637900E-01 3.969E+00
  1.732400E-01 3.545E+00
  1.832250E-01 3.167E+00
  1.937750E-01 2.829E+00
  2.049220E-01 2.526E+00
  2.166970E-01 2.256E+00
  2.291360E-01 2.015E+00
  2.422740E-01 1.800E+00
  2.561500E-01 1.607E+00
  2.708030E-01 1.435E+00
  2.862770E-01 1.282E+00
  3.026150E-01 1.144E+00
  3.198650E-01 1.022E+00
  3.380750E-01 9.122E-01
  3.572960E-01 8.144E-01
  3.775850E-01 7.271E-01
  3.989960E-01 6.491E-01
  4.215910E-01 5.794E-01
  4.454330E-01 5.172E-01
  4.705870E-01 4.616E-01
  4.971240E-01 4.120E-01
  5.251170E-01 3.677E-01
  5.546420E-01 3.282E-01
  5.857800E-01 2.928E-01
  6.186160E-01 2.613E-01
  6.532390E-01 2.332E-01
  6.897430E-01 2.081E-01
  7.282250E-01 1.856E-01
  7.687890E-01 1.656E-01
  8.115420E-01 1.477E-01
  8.565970E-01 1.318E-01
  9.040740E-01 1.176E-01
  9.540970E-01 1.049E-01
  1.006800E+00 9.354E-02
  1.062310E+00 8.342E-02
  1.120780E+00 7.440E-02
  1.182360E+00 6.635E-02
  1.247210E+00 5.917E-02
  1.315490E+00 5.276E-02
  1.387370E+00 4.704E-02
  1.463040E+00 4.194E-02
  1.542690E+00 3.739E-02
  1.626520E+00 3.334E-02
  1.683300E+00 3.094E-02
  1.779870E+00 2.728E-02
  1.891480E+00 2.378E-02
  2.103880E+00 1.862E-02
  2.204980E+00 1.668E-02
  2.327143E+00 1.524E-02
    1    0    0    8
     64     65
  6.361473E-02    0.0100
  4.771104E-02 3.278E+01
  5.535030E-02 2.435E+01
  6.357467E-02 1.849E+01
  6.722772E-02 1.652E+01
  7.108980E-02 1.476E+01
  7.517290E-02 1.319E+01
  7.948941E-02 1.179E+01
  8.405262E-02 1.053E+01
  8.887631E-02 9.409E+00
  9.397513E-02 8.407E+00
  9.936452E-02 7.511E+00
  1.050610E-01 6.710E+00
  1.110810E-01 5.995E+00
  1.174430E-01 5.355E+00
  1.241670E-01 4.784E+00
  1.312720E-01 4.274E+00
  1.387790E-01 3.818E+00
  1.467120E-01 3.410E+00
  1.550930E-01 3.046E+00
  1.639470E-01 2.721E+00
  1.733000E-01 2.430E+00
  1.831810E-01 2.170E+00
  1.936170E-01 1.938E+00
  2.046400E-01 1.731E+00
  2.162820E-01 1.546E+00
  2.285760E-01 1.381E+00
  2.415590E-01 1.233E+00
  2.552680E-01 1.101E+00
  2.697420E-01 9.830E-01
  2.850230E-01 8.777E-01
  3.011550E-01 7.837E-01
  3.181840E-01 6.997E-01
  3.361580E-01 6.247E-01
  3.551280E-01 5.577E-01
  3.751490E-01 4.978E-01
  3.962750E-01 4.444E-01
  4.185680E-01 3.967E-01
  4.420890E-01 3.541E-01
  4.669030E-01 3.161E-01
  4.930800E-01 2.821E-01
  5.206930E-01 2.518E-01
  5.498160E-01 2.247E-01
  5.805310E-01 2.005E-01
  6.129200E-01 1.789E-01
  6.470740E-01 1.597E-01
  6.830830E-01 1.425E-01
  7.210470E-01 1.271E-01
  7.610660E-01 1.134E-01
  8.032480E-01 1.012E-01
  8.477070E-01 9.028E-02
  8.945600E-01 8.054E-02
  9.439310E-01 7.184E-02
  9.959510E-01 6.409E-02
  1.050760E+00 5.716E-02
  1.108490E+00 5.098E-02
  1.169310E+00 4.547E-02
  1.233360E+00 4.055E-02
  1.300810E+00 3.617E-02
  1.371840E+00 3.225E-02
  1.446630E+00 2.876E-02
  1.525370E+00 2.564E-02
  1.608260E+00 2.286E-02
  1.663610E+00 2.124E-02
  1.760180E+00 1.869E-02
  1.858846E+00 1.684E-02
    1    0    0    9
     64     64
  5.016430E-02    0.0100
  3.762322E-02 4.018E+01
  4.189980E-02 3.132E+01
  5.012430E-02 2.187E+01
  5.297100E-02 1.954E+01
  5.597990E-02 1.746E+01
  5.916020E-02 1.560E+01
  6.252140E-02 1.394E+01
  6.607372E-02 1.245E+01
  6.982809E-02 1.112E+01
  7.379580E-02 9.938E+00
  7.798892E-02 8.878E+00
  8.241999E-02 7.931E+00
  8.710247E-02 7.086E+00
  9.205049E-02 6.330E+00
  9.727877E-02 5.654E+00
  1.028030E-01 5.051E+00
  1.086400E-01 4.512E+00
  1.148070E-01 4.030E+00
  1.213220E-01 3.600E+00
  1.282050E-01 3.216E+00
  1.354770E-01 2.872E+00
  1.431580E-01 2.565E+00
  1.512720E-01 2.291E+00
  1.598420E-01 2.046E+00
  1.688930E-01 1.828E+00
  1.784530E-01 1.632E+00
  1.885490E-01 1.458E+00
  1.992110E-01 1.302E+00
  2.104700E-01 1.163E+00
  2.223580E-01 1.038E+00
  2.349100E-01 9.270E-01
  2.481620E-01 8.277E-01
  2.621530E-01 7.391E-01
  2.769230E-01 6.599E-01
  2.925130E-01 5.892E-01
  3.089690E-01 5.260E-01
  3.263380E-01 4.696E-01
  3.446690E-01 4.193E-01
  3.640130E-01 3.743E-01
  3.844250E-01 3.341E-01
  4.059640E-01 2.982E-01
  4.286890E-01 2.662E-01
  4.526640E-01 2.376E-01
  4.779550E-01 2.121E-01
  5.046330E-01 1.893E-01
  5.327720E-01 1.689E-01
  5.624500E-01 1.508E-01
  5.937480E-01 1.346E-01
  6.267510E-01 1.201E-01
  6.615510E-01 1.071E-01
  6.982410E-01 9.561E-02
  7.369210E-01 8.531E-02
  7.776960E-01 7.611E-02
  8.206750E-01 6.791E-02
  8.659740E-01 6.058E-02
  9.137130E-01 5.405E-02
  9.640200E-01 4.821E-02
  1.017030E+00 4.301E-02
  1.072880E+00 3.836E-02
  1.131710E+00 3.422E-02
  1.193690E+00 3.052E-02
  1.258970E+00 2.722E-02
  1.327720E+00 2.428E-02
  1.400120E+00 2.165E-02
    1    0    0   10
     64     64
  4.056890E-02    0.0100
  3.042667E-02 4.761E+01
  3.230450E-02 4.025E+01
  4.052890E-02 2.545E+01
  4.280820E-02 2.274E+01
  4.521650E-02 2.031E+01
  4.776140E-02 1.815E+01
  5.045040E-02 1.621E+01
  5.329160E-02 1.448E+01
  5.629380E-02 1.294E+01
  5.946590E-02 1.156E+01
  6.281751E-02 1.032E+01
  6.635880E-02 9.223E+00
  7.010031E-02 8.239E+00
  7.405341E-02 7.360E+00
  7.822990E-02 6.574E+00
  8.264238E-02 5.873E+00
  8.730400E-02 5.246E+00
  9.222871E-02 4.686E+00
  9.743130E-02 4.185E+00
  1.029270E-01 3.738E+00
  1.087330E-01 3.339E+00
  1.148650E-01 2.983E+00
  1.213430E-01 2.664E+00
  1.281850E-01 2.379E+00
  1.354110E-01 2.125E+00
  1.430440E-01 1.898E+00
  1.511040E-01 1.695E+00
  1.596170E-01 1.514E+00
  1.686070E-01 1.352E+00
  1.781000E-01 1.207E+00
  1.881240E-01 1.078E+00
  1.987090E-01 9.627E-01
  2.098850E-01 8.597E-01
  2.216840E-01 7.676E-01
  2.341400E-01 6.854E-01
  2.472910E-01 6.120E-01
  2.611720E-01 5.465E-01
  2.758260E-01 4.879E-01
  2.912920E-01 4.356E-01
  3.076160E-01 3.889E-01
  3.248440E-01 3.472E-01
  3.430250E-01 3.100E-01
  3.622100E-01 2.767E-01
  3.824540E-01 2.470E-01
  4.038140E-01 2.205E-01
  4.263500E-01 1.968E-01
  4.501250E-01 1.757E-01
  4.752050E-01 1.568E-01
  5.016600E-01 1.400E-01
  5.295640E-01 1.249E-01
  5.589930E-01 1.115E-01
  5.900290E-01 9.948E-02
  6.227580E-01 8.878E-02
  6.572690E-01 7.922E-02
  6.936550E-01 7.069E-02
  7.320170E-01 6.308E-02
  7.724570E-01 5.628E-02
  8.150860E-01 5.022E-02
  8.600190E-01 4.480E-02
  9.073750E-01 3.997E-02
  9.572810E-01 3.566E-02
  1.009870E+00 3.181E-02
  1.065280E+00 2.837E-02
  1.123660E+00 2.531E-02
    3    0    0    1
     21     62
  1.221290E+00    0.0100
  1.188230E+00 2.610E+00
  1.196500E+00 2.582E+00
  1.204760E+00 2.554E+00
  1.213020E+00 2.526E+00
  1.221250E+00 2.500E+00
  1.317320E+00 2.216E+00
  1.416630E+00 1.965E+00
  1.519580E+00 1.744E+00
  1.626530E+00 1.549E+00
  1.737830E+00 1.376E+00
  1.853800E+00 1.224E+00
  1.974780E+00 1.088E+00
  2.101110E+00 9.677E-01
  2.233120E+00 8.610E-01
  2.371180E+00 7.663E-01
  2.515650E+00 6.822E-01
  2.666920E+00 6.075E-01
  2.825410E+00 5.411E-01
  2.991550E+00 4.821E-01
  3.165810E+00 4.296E-01
  3.348660E+00 3.830E-01
  3.545844E+00 3.372E-01
  3.752007E+00 2.984E-01
  3.967478E+00 2.640E-01
  4.192595E+00 2.336E-01
  4.427705E+00 2.066E-01
  4.673168E+00 1.828E-01
  4.929354E+00 1.616E-01
  5.196638E+00 1.429E-01
  5.475417E+00 1.264E-01
  5.766092E+00 1.117E-01
  6.069075E+00 9.876E-02
  6.384791E+00 8.729E-02
  6.713683E+00 7.715E-02
  7.056200E+00 6.818E-02
  7.412810E+00 6.024E-02
  7.783984E+00 5.322E-02
  8.170214E+00 4.702E-02
  8.572007E+00 4.154E-02
  8.989883E+00 3.669E-02
  9.424372E+00 3.240E-02
  9.876027E+00 2.861E-02
  1.034541E+01 2.527E-02
  1.083309E+01 2.231E-02
  1.133967E+01 1.970E-02
  1.186576E+01 1.739E-02
  1.241200E+01 1.535E-02
  1.297903E+01 1.355E-02
  1.356751E+01 1.196E-02
  1.417812E+01 1.055E-02
  1.481155E+01 9.311E-03
  1.546854E+01 8.216E-03
  1.614981E+01 7.249E-03
  1.685612E+01 6.395E-03
  1.758826E+01 5.642E-03
  1.834702E+01 4.977E-03
  1.913321E+01 4.390E-03
  1.994769E+01 3.872E-03
  2.079134E+01 3.414E-03
  2.166498E+01 3.011E-03
  2.256955E+01 2.655E-03
  2.350601E+01 2.341E-03
    3    0    0    2
     33     64
  5.041220E-01    0.0100
  4.710640E-01 4.522E+00
  4.793280E-01 4.395E+00
  4.875930E-01 4.274E+00
  4.958570E-01 4.157E+00
  5.040820E-01 4.045E+00
  5.392720E-01 3.612E+00
  5.764460E-01 3.225E+00
  6.157040E-01 2.879E+00
  6.571500E-01 2.570E+00
  7.008950E-01 2.293E+00
  7.470550E-01 2.047E+00
  7.957500E-01 1.826E+00
  8.471070E-01 1.629E+00
  9.012590E-01 1.454E+00
  9.583460E-01 1.297E+00
  1.018510E+00 1.157E+00
  1.081910E+00 1.032E+00
  1.148700E+00 9.200E-01
  1.219050E+00 8.204E-01
  1.293140E+00 7.315E-01
  1.371150E+00 6.522E-01
  1.453260E+00 5.815E-01
  1.539700E+00 5.184E-01
  1.630660E+00 4.621E-01
  1.726360E+00 4.119E-01
  1.827050E+00 3.671E-01
  1.932960E+00 3.272E-01
  2.044340E+00 2.916E-01
  2.161480E+00 2.598E-01
  2.284640E+00 2.315E-01
  2.414120E+00 2.063E-01
  2.550220E+00 1.838E-01
  2.693280E+00 1.638E-01
  2.847054E+00 1.447E-01
  3.008563E+00 1.284E-01
  3.178152E+00 1.139E-01
  3.356176E+00 1.010E-01
  3.543011E+00 8.958E-02
  3.739043E+00 7.943E-02
  3.944674E+00 7.043E-02
  4.160319E+00 6.244E-02
  4.386414E+00 5.535E-02
  4.623412E+00 4.907E-02
  4.871778E+00 4.349E-02
  5.132000E+00 3.854E-02
  5.404579E+00 3.416E-02
  5.690045E+00 3.027E-02
  5.988939E+00 2.682E-02
  6.301827E+00 2.376E-02
  6.629292E+00 2.105E-02
  6.971942E+00 1.864E-02
  7.330410E+00 1.651E-02
  7.705353E+00 1.463E-02
  8.097440E+00 1.295E-02
  8.507391E+00 1.147E-02
  8.935918E+00 1.016E-02
  9.383789E+00 8.994E-03
  9.851782E+00 7.963E-03
  1.034072E+01 7.049E-03
  1.085144E+01 6.240E-03
  1.138481E+01 5.524E-03
  1.194174E+01 4.889E-03
  1.252317E+01 4.327E-03
  1.313007E+01 3.829E-03
    3    0    0    3
     43     65
  2.742580E-01    0.0100
  2.412000E-01 7.233E+00
  2.494640E-01 6.830E+00
  2.577290E-01 6.458E+00
  2.659930E-01 6.116E+00
  2.742170E-01 5.802E+00
  2.921940E-01 5.188E+00
  3.112430E-01 4.639E+00
  3.314230E-01 4.147E+00
  3.527950E-01 3.707E+00
  3.754240E-01 3.314E+00
  3.993780E-01 2.962E+00
  4.247280E-01 2.646E+00
  4.515480E-01 2.365E+00
  4.799170E-01 2.113E+00
  5.099160E-01 1.887E+00
  5.416330E-01 1.686E+00
  5.751570E-01 1.506E+00
  6.105830E-01 1.345E+00
  6.480100E-01 1.201E+00
  6.875430E-01 1.072E+00
  7.292910E-01 9.570E-01
  7.733680E-01 8.543E-01
  8.198930E-01 7.625E-01
  8.689940E-01 6.806E-01
  9.208010E-01 6.074E-01
  9.754520E-01 5.420E-01
  1.033090E+00 4.836E-01
  1.093870E+00 4.314E-01
  1.157950E+00 3.849E-01
  1.225480E+00 3.433E-01
  1.296660E+00 3.062E-01
  1.371650E+00 2.731E-01
  1.450650E+00 2.436E-01
  1.533860E+00 2.172E-01
  1.621480E+00 1.936E-01
  1.713740E+00 1.726E-01
  1.810850E+00 1.539E-01
  1.913060E+00 1.372E-01
  2.020610E+00 1.223E-01
  2.133770E+00 1.090E-01
  2.252800E+00 9.714E-02
  2.378000E+00 8.656E-02
  2.509650E+00 7.713E-02
  2.651874E+00 6.847E-02
  2.801554E+00 6.081E-02
  2.959053E+00 5.400E-02
  3.124751E+00 4.795E-02
  3.299042E+00 4.257E-02
  3.482340E+00 3.779E-02
  3.675076E+00 3.355E-02
  3.877702E+00 2.978E-02
  4.090689E+00 2.644E-02
  4.314527E+00 2.347E-02
  4.549731E+00 2.083E-02
  4.796835E+00 1.848E-02
  5.056398E+00 1.640E-02
  5.329009E+00 1.455E-02
  5.615276E+00 1.291E-02
  5.915837E+00 1.146E-02
  6.231348E+00 1.017E-02
  6.562504E+00 9.018E-03
  6.910037E+00 8.000E-03
  7.274688E+00 7.096E-03
  7.657251E+00 6.294E-03
  8.058542E+00 5.582E-03
    3    0    0    4
     51     66
  1.721750E-01    0.0100
  1.391170E-01 1.132E+01
  1.473810E-01 1.023E+01
  1.556460E-01 9.289E+00
  1.639100E-01 8.471E+00
  1.721350E-01 7.759E+00
  1.829170E-01 6.941E+00
  1.943490E-01 6.209E+00
  2.064690E-01 5.554E+00
  2.193160E-01 4.967E+00
  2.329310E-01 4.442E+00
  2.473570E-01 3.972E+00
  2.626400E-01 3.552E+00
  2.788270E-01 3.176E+00
  2.959700E-01 2.839E+00
  3.141210E-01 2.538E+00
  3.333360E-01 2.268E+00
  3.536740E-01 2.027E+00
  3.751960E-01 1.812E+00
  3.979660E-01 1.619E+00
  4.220540E-01 1.447E+00
  4.475290E-01 1.293E+00
  4.744680E-01 1.155E+00
  5.029480E-01 1.031E+00
  5.330530E-01 9.213E-01
  5.648670E-01 8.228E-01
  5.984830E-01 7.348E-01
  6.339950E-01 6.561E-01
  6.715030E-01 5.858E-01
  7.111120E-01 5.230E-01
  7.529300E-01 4.669E-01
  7.970730E-01 4.168E-01
  8.436610E-01 3.720E-01
  8.928190E-01 3.320E-01
  9.446790E-01 2.962E-01
  9.993800E-01 2.643E-01
  1.057060E+00 2.358E-01
  1.117880E+00 2.104E-01
  1.182000E+00 1.877E-01
  1.249560E+00 1.674E-01
  1.320760E+00 1.493E-01
  1.395770E+00 1.331E-01
  1.474780E+00 1.187E-01
  1.557990E+00 1.059E-01
  1.645590E+00 9.438E-02
  1.737820E+00 8.414E-02
  1.834880E+00 7.500E-02
  1.937020E+00 6.684E-02
  2.044470E+00 5.957E-02
  2.157500E+00 5.309E-02
  2.276370E+00 4.730E-02
  2.401360E+00 4.214E-02
  2.537391E+00 3.767E-02
  2.680730E+00 3.348E-02
  2.831748E+00 2.975E-02
  2.990840E+00 2.643E-02
  3.158413E+00 2.349E-02
  3.334892E+00 2.087E-02
  3.520730E+00 1.854E-02
  3.716398E+00 1.647E-02
  3.922390E+00 1.463E-02
  4.139224E+00 1.300E-02
  4.367442E+00 1.154E-02
  4.607610E+00 1.025E-02
  4.860326E+00 9.106E-03
  5.126208E+00 8.087E-03
  5.405914E+00 7.182E-03
    3    0    0    5
     56     65
  1.180700E-01    0.0100
  8.855247E-02 1.678E+01
  9.327698E-02 1.521E+01
  1.015410E-01 1.304E+01
  1.098060E-01 1.130E+01
  1.180300E-01 9.894E+00
  1.253360E-01 8.846E+00
  1.330710E-01 7.909E+00
  1.412620E-01 7.071E+00
  1.499320E-01 6.322E+00
  1.591110E-01 5.651E+00
  1.688250E-01 5.052E+00
  1.791050E-01 4.515E+00
  1.899840E-01 4.036E+00
  2.014940E-01 3.607E+00
  2.136710E-01 3.224E+00
  2.265530E-01 2.881E+00
  2.401780E-01 2.575E+00
  2.545890E-01 2.301E+00
  2.698280E-01 2.056E+00
  2.859430E-01 1.837E+00
  3.029810E-01 1.641E+00
  3.209950E-01 1.467E+00
  3.400380E-01 1.310E+00
  3.601670E-01 1.171E+00
  3.814420E-01 1.046E+00
  4.039270E-01 9.342E-01
  4.276890E-01 8.345E-01
  4.527970E-01 7.455E-01
  4.793270E-01 6.659E-01
  5.073560E-01 5.948E-01
  5.369680E-01 5.312E-01
  5.682470E-01 4.745E-01
  6.012880E-01 4.237E-01
  6.361850E-01 3.784E-01
  6.730410E-01 3.380E-01
  7.119640E-01 3.018E-01
  7.530650E-01 2.695E-01
  7.964640E-01 2.407E-01
  8.422870E-01 2.149E-01
  8.906660E-01 1.919E-01
  9.417400E-01 1.714E-01
  9.956570E-01 1.530E-01
  1.052570E+00 1.366E-01
  1.112640E+00 1.220E-01
  1.176050E+00 1.089E-01
  1.242970E+00 9.723E-02
  1.313590E+00 8.680E-02
  1.388120E+00 7.749E-02
  1.466760E+00 6.918E-02
  1.549740E+00 6.176E-02
  1.637300E+00 5.513E-02
  1.718070E+00 4.991E-02
  1.814640E+00 4.423E-02
  1.926250E+00 3.880E-02
  2.034200E+00 3.438E-02
  2.239750E+00 2.770E-02
  2.367458E+00 2.517E-02
  2.502187E+00 2.238E-02
  2.644307E+00 1.990E-02
  2.794209E+00 1.769E-02
  2.952304E+00 1.573E-02
  3.119024E+00 1.398E-02
  3.294825E+00 1.243E-02
  3.480178E+00 1.105E-02
  3.675590E+00 9.824E-03
    3    0    0    6
     61     65
  8.597881E-02    0.0100
  6.448406E-02 2.105E+01
  6.944978E-02 1.818E+01
  7.771432E-02 1.474E+01
  8.593881E-02 1.220E+01
  9.114349E-02 1.091E+01
  9.665352E-02 9.752E+00
  1.024860E-01 8.718E+00
  1.086600E-01 7.794E+00
  1.151940E-01 6.967E+00
  1.221090E-01 6.228E+00
  1.294270E-01 5.567E+00
  1.371700E-01 4.976E+00
  1.453620E-01 4.448E+00
  1.540300E-01 3.975E+00
  1.631990E-01 3.553E+00
  1.728980E-01 3.175E+00
  1.831570E-01 2.838E+00
  1.940080E-01 2.536E+00
  2.054830E-01 2.266E+00
  2.176180E-01 2.025E+00
  2.304500E-01 1.809E+00
  2.440180E-01 1.617E+00
  2.583620E-01 1.445E+00
  2.735280E-01 1.291E+00
  2.895590E-01 1.153E+00
  3.065060E-01 1.030E+00
  3.244180E-01 9.205E-01
  3.433500E-01 8.224E-01
  3.633580E-01 7.347E-01
  3.845030E-01 6.563E-01
  4.068460E-01 5.863E-01
  4.304560E-01 5.237E-01
  4.554020E-01 4.678E-01
  4.817580E-01 4.179E-01
  5.096020E-01 3.733E-01
  5.390160E-01 3.334E-01
  5.700880E-01 2.978E-01
  6.029090E-01 2.660E-01
  6.375750E-01 2.375E-01
  6.741870E-01 2.121E-01
  7.128540E-01 1.895E-01
  7.536880E-01 1.692E-01
  7.968080E-01 1.511E-01
  8.423410E-01 1.349E-01
  8.904170E-01 1.205E-01
  9.411780E-01 1.076E-01
  9.947690E-01 9.607E-02
  1.051350E+00 8.579E-02
  1.111070E+00 7.660E-02
  1.174120E+00 6.840E-02
  1.240670E+00 6.107E-02
  1.310920E+00 5.453E-02
  1.385060E+00 4.868E-02
  1.463310E+00 4.346E-02
  1.545890E+00 3.880E-02
  1.633040E+00 3.464E-02
  1.685980E+00 3.243E-02
  1.782550E+00 2.866E-02
  1.894160E+00 2.507E-02
  2.002110E+00 2.215E-02
  2.207660E+00 1.776E-02
  2.333839E+00 1.624E-02
  2.467040E+00 1.445E-02
  2.607642E+00 1.285E-02
  2.756044E+00 1.143E-02
    3    0    0    7
     64     65
  6.539410E-02    0.0100
  4.904558E-02 2.536E+01
  5.712960E-02 1.897E+01
  6.535411E-02 1.467E+01
  6.924129E-02 1.311E+01
  7.335532E-02 1.172E+01
  7.770920E-02 1.048E+01
  8.231652E-02 9.369E+00
  8.719182E-02 8.374E+00
  9.235048E-02 7.486E+00
  9.780848E-02 6.691E+00
  1.035830E-01 5.981E+00
  1.096920E-01 5.345E+00
  1.161550E-01 4.778E+00
  1.229910E-01 4.270E+00
  1.302230E-01 3.816E+00
  1.378710E-01 3.411E+00
  1.459600E-01 3.048E+00
  1.545160E-01 2.724E+00
  1.635630E-01 2.434E+00
  1.731310E-01 2.175E+00
  1.832480E-01 1.944E+00
  1.939450E-01 1.737E+00
  2.052550E-01 1.552E+00
  2.172130E-01 1.387E+00
  2.298550E-01 1.239E+00
  2.432190E-01 1.107E+00
  2.573460E-01 9.892E-01
  2.722790E-01 8.838E-01
  2.880630E-01 7.896E-01
  3.047460E-01 7.054E-01
  3.223770E-01 6.302E-01
  3.410100E-01 5.630E-01
  3.607010E-01 5.030E-01
  3.815090E-01 4.493E-01
  4.034960E-01 4.014E-01
  4.267270E-01 3.585E-01
  4.512720E-01 3.203E-01
  4.772050E-01 2.861E-01
  5.046010E-01 2.555E-01
  5.335430E-01 2.282E-01
  5.641160E-01 2.039E-01
  5.964090E-01 1.821E-01
  6.305200E-01 1.626E-01
  6.665470E-01 1.452E-01
  7.045980E-01 1.297E-01
  7.447830E-01 1.158E-01
  7.872200E-01 1.035E-01
  8.320340E-01 9.239E-02
  8.793540E-01 8.251E-02
  9.293210E-01 7.368E-02
  9.820770E-01 6.580E-02
  1.037780E+00 5.875E-02
  1.096580E+00 5.246E-02
  1.158670E+00 4.685E-02
  1.224200E+00 4.183E-02
  1.293390E+00 3.735E-02
  1.366410E+00 3.335E-02
  1.443490E+00 2.978E-02
  1.524840E+00 2.658E-02
  1.610710E+00 2.373E-02
  1.665390E+00 2.215E-02
  1.761960E+00 1.953E-02
  1.873570E+00 1.705E-02
  1.981520E+00 1.504E-02
  2.095474E+00 1.365E-02
    3    0    0    8
     65     65
  5.140610E-02    0.0100
  3.855458E-02 3.101E+01
  4.314160E-02 2.426E+01
  5.136610E-02 1.730E+01
  5.437690E-02 1.546E+01
  5.756250E-02 1.382E+01
  6.093270E-02 1.236E+01
  6.449819E-02 1.104E+01
  6.827009E-02 9.871E+00
  7.226032E-02 8.823E+00
  7.648128E-02 7.886E+00
  8.094609E-02 7.048E+00
  8.566892E-02 6.299E+00
  9.066409E-02 5.630E+00
  9.594750E-02 5.031E+00
  1.015350E-01 4.497E+00
  1.074450E-01 4.019E+00
  1.136950E-01 3.591E+00
  1.203040E-01 3.209E+00
  1.272930E-01 2.868E+00
  1.346830E-01 2.563E+00
  1.424980E-01 2.290E+00
  1.507600E-01 2.047E+00
  1.594970E-01 1.829E+00
  1.687330E-01 1.634E+00
  1.784980E-01 1.460E+00
  1.888220E-01 1.305E+00
  1.997350E-01 1.166E+00
  2.112720E-01 1.042E+00
  2.234670E-01 9.306E-01
  2.363570E-01 8.315E-01
  2.499820E-01 7.429E-01
  2.643820E-01 6.637E-01
  2.796020E-01 5.930E-01
  2.956870E-01 5.297E-01
  3.126850E-01 4.733E-01
  3.306480E-01 4.228E-01
  3.496310E-01 3.777E-01
  3.696890E-01 3.374E-01
  3.908830E-01 3.014E-01
  4.132760E-01 2.692E-01
  4.369350E-01 2.405E-01
  4.619310E-01 2.148E-01
  4.883390E-01 1.919E-01
  5.162360E-01 1.714E-01
  5.457050E-01 1.531E-01
  5.768350E-01 1.367E-01
  6.097160E-01 1.221E-01
  6.444460E-01 1.091E-01
  6.811270E-01 9.742E-02
  7.198680E-01 8.701E-02
  7.607820E-01 7.770E-02
  8.039890E-01 6.939E-02
  8.496170E-01 6.197E-02
  8.977970E-01 5.534E-02
  9.486710E-01 4.942E-02
  1.002390E+00 4.413E-02
  1.059100E+00 3.941E-02
  1.118980E+00 3.519E-02
  1.182200E+00 3.142E-02
  1.248930E+00 2.806E-02
  1.319380E+00 2.505E-02
  1.393740E+00 2.237E-02
  1.472240E+00 1.997E-02
  1.555090E+00 1.783E-02
  1.642530E+00 1.592E-02
    3    0    0    9
     65     65
  4.146980E-02    0.0100
  3.110235E-02 3.678E+01
  3.320530E-02 3.098E+01
  4.142980E-02 2.008E+01
  4.382930E-02 1.795E+01
  4.636720E-02 1.604E+01
  4.905150E-02 1.434E+01
  5.189050E-02 1.281E+01
  5.489310E-02 1.145E+01
  5.806870E-02 1.023E+01
  6.142710E-02 9.146E+00
  6.497890E-02 8.174E+00
  6.873488E-02 7.305E+00
  7.270700E-02 6.528E+00
  7.690740E-02 5.834E+00
  8.134907E-02 5.214E+00
  8.604598E-02 4.659E+00
  9.101242E-02 4.164E+00
  9.626389E-02 3.721E+00
  1.018160E-01 3.325E+00
  1.076880E-01 2.971E+00
  1.138950E-01 2.655E+00
  1.204580E-01 2.372E+00
  1.273960E-01 2.120E+00
  1.347320E-01 1.894E+00
  1.424870E-01 1.693E+00
  1.506850E-01 1.512E+00
  1.593520E-01 1.351E+00
  1.685130E-01 1.207E+00
  1.781970E-01 1.079E+00
  1.884340E-01 9.639E-01
  1.992540E-01 8.613E-01
  2.106900E-01 7.695E-01
  2.227780E-01 6.875E-01
  2.355530E-01 6.142E-01
  2.490550E-01 5.488E-01
  2.633240E-01 4.903E-01
  2.784030E-01 4.380E-01
  2.943390E-01 3.913E-01
  3.111790E-01 3.496E-01
  3.289730E-01 3.123E-01
  3.477760E-01 2.790E-01
  3.676430E-01 2.492E-01
  3.886350E-01 2.226E-01
  4.108140E-01 1.989E-01
  4.342460E-01 1.776E-01
  4.590010E-01 1.587E-01
  4.851540E-01 1.417E-01
  5.127810E-01 1.266E-01
  5.419660E-01 1.131E-01
  5.727940E-01 1.010E-01
  6.053580E-01 9.020E-02
  6.397530E-01 8.057E-02
  6.760810E-01 7.196E-02
  7.144490E-01 6.427E-02
  7.549710E-01 5.740E-02
  7.977650E-01 5.126E-02
  8.429570E-01 4.578E-02
  8.906800E-01 4.088E-02
  9.410730E-01 3.651E-02
  9.942830E-01 3.260E-02
  1.050470E+00 2.911E-02
  1.109790E+00 2.600E-02
  1.172420E+00 2.322E-02
  1.238530E+00 2.073E-02
  1.308340E+00 1.851E-02
    1    2    0    1
     57     58
  4.447710E-01    0.0100
  4.117130E-01 5.878E+00
  4.199780E-01 5.493E+00
  4.282420E-01 5.139E+00
  4.365070E-01 4.813E+00
  4.447310E-01 4.514E+00
  4.610830E-01 3.986E+00
  4.779640E-01 3.519E+00
  4.953860E-01 3.107E+00
  5.133670E-01 2.743E+00
  5.319190E-01 2.421E+00
  5.510610E-01 2.137E+00
  5.708070E-01 1.887E+00
  5.911730E-01 1.665E+00
  6.121760E-01 1.469E+00
  6.338340E-01 1.297E+00
  6.561640E-01 1.144E+00
  6.791840E-01 1.010E+00
  7.029110E-01 8.908E-01
  7.273650E-01 7.859E-01
  7.525640E-01 6.933E-01
  7.785290E-01 6.116E-01
  8.052780E-01 5.394E-01
  8.328320E-01 4.758E-01
  8.612120E-01 4.196E-01
  8.904390E-01 3.701E-01
  9.205340E-01 3.263E-01
  9.515210E-01 2.878E-01
  9.834200E-01 2.537E-01
  1.016260E+00 2.237E-01
  1.050050E+00 1.972E-01
  1.084830E+00 1.739E-01
  1.120620E+00 1.533E-01
  1.157440E+00 1.351E-01
  1.195320E+00 1.191E-01
  1.234280E+00 1.050E-01
  1.274360E+00 9.251E-02
  1.315570E+00 8.153E-02
  1.357950E+00 7.185E-02
  1.401530E+00 6.331E-02
  1.446330E+00 5.579E-02
  1.492380E+00 4.915E-02
  1.539710E+00 4.331E-02
  1.588360E+00 3.815E-02
  1.638350E+00 3.361E-02
  1.689720E+00 2.961E-02
  1.742490E+00 2.608E-02
  1.796710E+00 2.297E-02
  1.852410E+00 2.023E-02
  1.909610E+00 1.782E-02
  1.968360E+00 1.569E-02
  2.028690E+00 1.382E-02
  2.044770E+00 1.337E-02
  2.141340E+00 1.098E-02
  2.252950E+00 8.818E-03
  2.360900E+00 7.187E-03
  2.465350E+00 5.931E-03
  2.566450E+00 4.949E-03
  2.643853E+00 4.424E-03
    1    2    0    2
     61     61
  2.501420E-01    0.0100
  2.170840E-01 1.316E+01
  2.253490E-01 1.189E+01
  2.336130E-01 1.077E+01
  2.418780E-01 9.787E+00
  2.501020E-01 8.918E+00
  2.611620E-01 7.892E+00
  2.726340E-01 6.984E+00
  2.845300E-01 6.179E+00
  2.968620E-01 5.466E+00
  3.096440E-01 4.835E+00
  3.228870E-01 4.276E+00
  3.366050E-01 3.781E+00
  3.508110E-01 3.344E+00
  3.655200E-01 2.956E+00
  3.807440E-01 2.613E+00
  3.964990E-01 2.310E+00
  4.127990E-01 2.041E+00
  4.296590E-01 1.804E+00
  4.470930E-01 1.594E+00
  4.651180E-01 1.408E+00
  4.837490E-01 1.244E+00
  5.030020E-01 1.099E+00
  5.228930E-01 9.704E-01
  5.434390E-01 8.569E-01
  5.646580E-01 7.567E-01
  5.865660E-01 6.681E-01
  6.091810E-01 5.898E-01
  6.325200E-01 5.206E-01
  6.566030E-01 4.595E-01
  6.814480E-01 4.056E-01
  7.070740E-01 3.579E-01
  7.335000E-01 3.158E-01
  7.607460E-01 2.786E-01
  7.888320E-01 2.458E-01
  8.177780E-01 2.168E-01
  8.476050E-01 1.913E-01
  8.783340E-01 1.687E-01
  9.099870E-01 1.488E-01
  9.425860E-01 1.312E-01
  9.761520E-01 1.157E-01
  1.010710E+00 1.020E-01
  1.046280E+00 8.991E-02
  1.082890E+00 7.925E-02
  1.120560E+00 6.986E-02
  1.159310E+00 6.157E-02
  1.199170E+00 5.426E-02
  1.240170E+00 4.782E-02
  1.282330E+00 4.213E-02
  1.325680E+00 3.712E-02
  1.370230E+00 3.271E-02
  1.416030E+00 2.881E-02
  1.463100E+00 2.538E-02
  1.511460E+00 2.236E-02
  1.561140E+00 1.969E-02
  1.612170E+00 1.734E-02
  1.664590E+00 1.527E-02
  1.718410E+00 1.345E-02
  1.773670E+00 1.184E-02
  1.830410E+00 1.042E-02
  1.888650E+00 9.176E-03
  1.948420E+00 8.078E-03
    1    2    0    3
     61     61
  1.600770E-01    0.0100
  1.270190E-01 2.347E+01
  1.352830E-01 2.015E+01
  1.435480E-01 1.744E+01
  1.518120E-01 1.519E+01
  1.600370E-01 1.332E+01
  1.678610E-01 1.181E+01
  1.760060E-01 1.047E+01
  1.844840E-01 9.277E+00
  1.933030E-01 8.220E+00
  2.024760E-01 7.283E+00
  2.120120E-01 6.452E+00
  2.219240E-01 5.714E+00
  2.322230E-01 5.061E+00
  2.429210E-01 4.481E+00
  2.540300E-01 3.967E+00
  2.655620E-01 3.512E+00
  2.775290E-01 3.108E+00
  2.899450E-01 2.750E+00
  3.028230E-01 2.434E+00
  3.161750E-01 2.153E+00
  3.300160E-01 1.905E+00
  3.443600E-01 1.685E+00
  3.592210E-01 1.490E+00
  3.746130E-01 1.317E+00
  3.905510E-01 1.165E+00
  4.070500E-01 1.030E+00
  4.241260E-01 9.101E-01
  4.417940E-01 8.044E-01
  4.600710E-01 7.108E-01
  4.789720E-01 6.281E-01
  4.985150E-01 5.549E-01
  5.187160E-01 4.902E-01
  5.395920E-01 4.330E-01
  5.611620E-01 3.824E-01
  5.834430E-01 3.377E-01
  6.064530E-01 2.982E-01
  6.302110E-01 2.633E-01
  6.547370E-01 2.324E-01
  6.800490E-01 2.052E-01
  7.061670E-01 1.811E-01
  7.331110E-01 1.598E-01
  7.609020E-01 1.410E-01
  7.895600E-01 1.245E-01
  8.191070E-01 1.098E-01
  8.495640E-01 9.687E-02
  8.809530E-01 8.545E-02
  9.132960E-01 7.537E-02
  9.466160E-01 6.647E-02
  9.809370E-01 5.862E-02
  1.016280E+00 5.169E-02
  1.052670E+00 4.557E-02
  1.090140E+00 4.018E-02
  1.128700E+00 3.542E-02
  1.168380E+00 3.122E-02
  1.209210E+00 2.752E-02
  1.251210E+00 2.425E-02
  1.294420E+00 2.137E-02
  1.338850E+00 1.883E-02
  1.384530E+00 1.660E-02
  1.431500E+00 1.462E-02
  1.479780E+00 1.288E-02
    1    2    0    4
     62     62
  1.111570E-01    0.0100
  8.336771E-02 3.492E+01
  8.636361E-02 3.197E+01
  9.462810E-02 2.593E+01
  1.028930E-01 2.135E+01
  1.111170E-01 1.783E+01
  1.168140E-01 1.583E+01
  1.227670E-01 1.406E+01
  1.289830E-01 1.248E+01
  1.354730E-01 1.108E+01
  1.422460E-01 9.830E+00
  1.493120E-01 8.722E+00
  1.566800E-01 7.737E+00
  1.643610E-01 6.862E+00
  1.723650E-01 6.086E+00
  1.807040E-01 5.396E+00
  1.893870E-01 4.784E+00
  1.984270E-01 4.240E+00
  2.078340E-01 3.758E+00
  2.176200E-01 3.330E+00
  2.277970E-01 2.950E+00
  2.383770E-01 2.613E+00
  2.493730E-01 2.314E+00
  2.607980E-01 2.049E+00
  2.726630E-01 1.814E+00
  2.849830E-01 1.606E+00
  2.977710E-01 1.422E+00
  3.110400E-01 1.258E+00
  3.248050E-01 1.113E+00
  3.390800E-01 9.851E-01
  3.538800E-01 8.714E-01
  3.692180E-01 7.708E-01
  3.851120E-01 6.817E-01
  4.015740E-01 6.028E-01
  4.186230E-01 5.329E-01
  4.362730E-01 4.711E-01
  4.545410E-01 4.164E-01
  4.734440E-01 3.681E-01
  4.929970E-01 3.252E-01
  5.132200E-01 2.874E-01
  5.341290E-01 2.539E-01
  5.557410E-01 2.243E-01
  5.780760E-01 1.981E-01
  6.011520E-01 1.750E-01
  6.249870E-01 1.545E-01
  6.496010E-01 1.364E-01
  6.750130E-01 1.204E-01
  7.012430E-01 1.063E-01
  7.283110E-01 9.383E-02
  7.562370E-01 8.281E-02
  7.850440E-01 7.308E-02
  8.147510E-01 6.448E-02
  8.453800E-01 5.689E-02
  8.769540E-01 5.019E-02
  9.094940E-01 4.427E-02
  9.430240E-01 3.905E-02
  9.775660E-01 3.444E-02
  1.013140E+00 3.037E-02
  1.049780E+00 2.678E-02
  1.087500E+00 2.361E-02
  1.126330E+00 2.081E-02
  1.166290E+00 1.835E-02
  1.207410E+00 1.617E-02
    1    2    0    5
     61     61
  8.166188E-02    0.0100
  6.124641E-02 4.357E+01
  6.513298E-02 3.743E+01
  7.339740E-02 2.865E+01
  8.162189E-02 2.252E+01
  8.590978E-02 2.002E+01
  9.040171E-02 1.780E+01
  9.510553E-02 1.583E+01
  1.000290E-01 1.406E+01
  1.051820E-01 1.250E+01
  1.105710E-01 1.110E+01
  1.162070E-01 9.862E+00
  1.220970E-01 8.758E+00
  1.282520E-01 7.777E+00
  1.346810E-01 6.904E+00
  1.413930E-01 6.128E+00
  1.483990E-01 5.439E+00
  1.557090E-01 4.826E+00
  1.633320E-01 4.281E+00
  1.712810E-01 3.798E+00
  1.795650E-01 3.368E+00
  1.881970E-01 2.987E+00
  1.971860E-01 2.648E+00
  2.065460E-01 2.347E+00
  2.162870E-01 2.080E+00
  2.264230E-01 1.843E+00
  2.369650E-01 1.633E+00
  2.479270E-01 1.447E+00
  2.593200E-01 1.281E+00
  2.711590E-01 1.135E+00
  2.834560E-01 1.005E+00
  2.962260E-01 8.895E-01
  3.094820E-01 7.874E-01
  3.232390E-01 6.969E-01
  3.375110E-01 6.167E-01
  3.523130E-01 5.456E-01
  3.676600E-01 4.827E-01
  3.835680E-01 4.269E-01
  4.000520E-01 3.776E-01
  4.171280E-01 3.339E-01
  4.348120E-01 2.952E-01
  4.531210E-01 2.610E-01
  4.720720E-01 2.307E-01
  4.916820E-01 2.039E-01
  5.119680E-01 1.802E-01
  5.329490E-01 1.592E-01
  5.546410E-01 1.406E-01
  5.770640E-01 1.242E-01
  6.002360E-01 1.097E-01
  6.241770E-01 9.691E-02
  6.489050E-01 8.557E-02
  6.744400E-01 7.556E-02
  7.008020E-01 6.670E-02
  7.280120E-01 5.888E-02
  7.560900E-01 5.197E-02
  7.850570E-01 4.586E-02
  8.149350E-01 4.047E-02
  8.457440E-01 3.571E-02
  8.775080E-01 3.150E-02
  9.102490E-01 2.779E-02
  9.439890E-01 2.451E-02
  9.787510E-01 2.162E-02
    1    2    0    6
     61     61
  6.251973E-02    0.0100
  4.688980E-02 5.212E+01
  5.425520E-02 3.753E+01
  6.247960E-02 2.743E+01
  6.580091E-02 2.442E+01
  6.928712E-02 2.173E+01
  7.294512E-02 1.933E+01
  7.678211E-02 1.720E+01
  8.080542E-02 1.530E+01
  8.502263E-02 1.361E+01
  8.944148E-02 1.210E+01
  9.407020E-02 1.076E+01
  9.891683E-02 9.560E+00
  1.039900E-01 8.496E+00
  1.092980E-01 7.549E+00
  1.148500E-01 6.707E+00
  1.206550E-01 5.957E+00
  1.267230E-01 5.291E+00
  1.330620E-01 4.698E+00
  1.396840E-01 4.171E+00
  1.465970E-01 3.702E+00
  1.538130E-01 3.285E+00
  1.613410E-01 2.915E+00
  1.691930E-01 2.586E+00
  1.773800E-01 2.294E+00
  1.859120E-01 2.035E+00
  1.948010E-01 1.804E+00
  2.040600E-01 1.599E+00
  2.137000E-01 1.418E+00
  2.237330E-01 1.257E+00
  2.341720E-01 1.113E+00
  2.450300E-01 9.865E-01
  2.563190E-01 8.739E-01
  2.680540E-01 7.740E-01
  2.802470E-01 6.855E-01
  2.929130E-01 6.069E-01
  3.060650E-01 5.373E-01
  3.197180E-01 4.756E-01
  3.338870E-01 4.209E-01
  3.485860E-01 3.725E-01
  3.638310E-01 3.296E-01
  3.796370E-01 2.916E-01
  3.960210E-01 2.579E-01
  4.129970E-01 2.281E-01
  4.305830E-01 2.017E-01
  4.487950E-01 1.783E-01
  4.676510E-01 1.576E-01
  4.871660E-01 1.393E-01
  5.073600E-01 1.231E-01
  5.282490E-01 1.088E-01
  5.498520E-01 9.614E-02
  5.721880E-01 8.494E-02
  5.952750E-01 7.503E-02
  6.191320E-01 6.627E-02
  6.437790E-01 5.852E-02
  6.692360E-01 5.167E-02
  6.955210E-01 4.562E-02
  7.226570E-01 4.027E-02
  7.506640E-01 3.555E-02
  7.795620E-01 3.138E-02
  8.093730E-01 2.769E-02
  8.401190E-01 2.443E-02
    1    2    0    7
     61     61
  4.939650E-02    0.0100
  3.704737E-02 6.357E+01
  4.113210E-02 4.860E+01
  4.935650E-02 3.258E+01
  5.199060E-02 2.902E+01
  5.475950E-02 2.585E+01
  5.766920E-02 2.302E+01
  6.072600E-02 2.049E+01
  6.393641E-02 1.824E+01
  6.730688E-02 1.624E+01
  7.084447E-02 1.445E+01
  7.455611E-02 1.286E+01
  7.844919E-02 1.144E+01
  8.253109E-02 1.017E+01
  8.680958E-02 9.048E+00
  9.129262E-02 8.046E+00
  9.598827E-02 7.153E+00
  1.009050E-01 6.358E+00
  1.060510E-01 5.650E+00
  1.114360E-01 5.021E+00
  1.170690E-01 4.461E+00
  1.229580E-01 3.962E+00
  1.291140E-01 3.519E+00
  1.355460E-01 3.125E+00
  1.422640E-01 2.774E+00
  1.492780E-01 2.462E+00
  1.566000E-01 2.185E+00
  1.642380E-01 1.939E+00
  1.722060E-01 1.720E+00
  1.805140E-01 1.526E+00
  1.891720E-01 1.353E+00
  1.981940E-01 1.200E+00
  2.075910E-01 1.064E+00
  2.173740E-01 9.432E-01
  2.275580E-01 8.359E-01
  2.381540E-01 7.408E-01
  2.491760E-01 6.563E-01
  2.606360E-01 5.814E-01
  2.725490E-01 5.150E-01
  2.849270E-01 4.561E-01
  2.977860E-01 4.038E-01
  3.111390E-01 3.575E-01
  3.250020E-01 3.165E-01
  3.393880E-01 2.801E-01
  3.543140E-01 2.478E-01
  3.697940E-01 2.193E-01
  3.858450E-01 1.940E-01
  4.024820E-01 1.716E-01
  4.197220E-01 1.518E-01
  4.375810E-01 1.342E-01
  4.560770E-01 1.186E-01
  4.752250E-01 1.049E-01
  4.950450E-01 9.271E-02
  5.155530E-01 8.193E-02
  5.367690E-01 7.240E-02
  5.587090E-01 6.397E-02
  5.813930E-01 5.652E-02
  6.048410E-01 4.992E-02
  6.290700E-01 4.409E-02
  6.541010E-01 3.894E-02
  6.799550E-01 3.438E-02
  7.066500E-01 3.035E-02
    1    2    0    8
     61     61
  4.001010E-02    0.0100
  3.000757E-02 7.467E+01
  3.174560E-02 6.271E+01
  3.997010E-02 3.797E+01
  4.210320E-02 3.384E+01
  4.434790E-02 3.016E+01
  4.670940E-02 2.687E+01
  4.919320E-02 2.394E+01
  5.180480E-02 2.133E+01
  5.455000E-02 1.899E+01
  5.743500E-02 1.691E+01
  6.046590E-02 1.506E+01
  6.364912E-02 1.341E+01
  6.699133E-02 1.193E+01
  7.049942E-02 1.062E+01
  7.418031E-02 9.451E+00
  7.804137E-02 8.408E+00
  8.209020E-02 7.479E+00
  8.633429E-02 6.652E+00
  9.078169E-02 5.915E+00
  9.544063E-02 5.259E+00
  1.003190E-01 4.675E+00
  1.054270E-01 4.155E+00
  1.107710E-01 3.692E+00
  1.163620E-01 3.280E+00
  1.222090E-01 2.914E+00
  1.283210E-01 2.588E+00
  1.347080E-01 2.298E+00
  1.413800E-01 2.041E+00
  1.483480E-01 1.811E+00
  1.556210E-01 1.608E+00
  1.632110E-01 1.427E+00
  1.711290E-01 1.266E+00
  1.793860E-01 1.123E+00
  1.879930E-01 9.960E-01
  1.969620E-01 8.833E-01
  2.063060E-01 7.831E-01
  2.160360E-01 6.943E-01
  2.261650E-01 6.154E-01
  2.367060E-01 5.454E-01
  2.476720E-01 4.832E-01
  2.590770E-01 4.281E-01
  2.709320E-01 3.792E-01
  2.832540E-01 3.358E-01
  2.960560E-01 2.974E-01
  3.093510E-01 2.633E-01
  3.231560E-01 2.331E-01
  3.374840E-01 2.063E-01
  3.523520E-01 1.826E-01
  3.677740E-01 1.616E-01
  3.837660E-01 1.429E-01
  4.003450E-01 1.264E-01
  4.175270E-01 1.118E-01
  4.353290E-01 9.889E-02
  4.537660E-01 8.743E-02
  4.728580E-01 7.730E-02
  4.926200E-01 6.833E-02
  5.130720E-01 6.039E-02
  5.342310E-01 5.337E-02
  5.561160E-01 4.716E-02
  5.787460E-01 4.166E-02
  6.021390E-01 3.680E-02
    3    2    0    1
     60     60
  4.450460E-01    0.0100
  4.119880E-01 5.984E+00
  4.202530E-01 5.594E+00
  4.285170E-01 5.236E+00
  4.367810E-01 4.906E+00
  4.450060E-01 4.603E+00
  4.613210E-01 4.066E+00
  4.781780E-01 3.592E+00
  4.955910E-01 3.172E+00
  5.135770E-01 2.802E+00
  5.321520E-01 2.474E+00
  5.513320E-01 2.185E+00
  5.711340E-01 1.929E+00
  5.915750E-01 1.704E+00
  6.126730E-01 1.504E+00
  6.344450E-01 1.328E+00
  6.569100E-01 1.172E+00
  6.800860E-01 1.034E+00
  7.039940E-01 9.130E-01
  7.286510E-01 8.058E-01
  7.540790E-01 7.111E-01
  7.802960E-01 6.275E-01
  8.073250E-01 5.536E-01
  8.351860E-01 4.885E-01
  8.639000E-01 4.309E-01
  8.934910E-01 3.802E-01
  9.239800E-01 3.353E-01
  9.553890E-01 2.958E-01
  9.877430E-01 2.609E-01
  1.021070E+00 2.301E-01
  1.055380E+00 2.029E-01
  1.090710E+00 1.789E-01
  1.127090E+00 1.577E-01
  1.164530E+00 1.391E-01
  1.203070E+00 1.226E-01
  1.242730E+00 1.081E-01
  1.283530E+00 9.527E-02
  1.325520E+00 8.398E-02
  1.368700E+00 7.401E-02
  1.413120E+00 6.523E-02
  1.458810E+00 5.748E-02
  1.505780E+00 5.065E-02
  1.554080E+00 4.463E-02
  1.603730E+00 3.933E-02
  1.654770E+00 3.465E-02
  1.707220E+00 3.052E-02
  1.761120E+00 2.689E-02
  1.816500E+00 2.368E-02
  1.873410E+00 2.086E-02
  1.931860E+00 1.837E-02
  1.991900E+00 1.618E-02
  2.053560E+00 1.425E-02
  2.116880E+00 1.255E-02
  2.181890E+00 1.105E-02
  2.248640E+00 9.729E-03
  2.317150E+00 8.565E-03
  2.387480E+00 7.541E-03
  2.459650E+00 6.638E-03
  2.533720E+00 5.844E-03
  2.609710E+00 5.144E-03
  2.687670E+00 4.527E-03
    3    2    0    2
     61     61
  2.502970E-01    0.0100
  2.172390E-01 1.346E+01
  2.255040E-01 1.217E+01
  2.337680E-01 1.103E+01
  2.420320E-01 1.002E+01
  2.502570E-01 9.137E+00
  2.614090E-01 8.085E+00
  2.729720E-01 7.154E+00
  2.849600E-01 6.329E+00
  2.973840E-01 5.598E+00
  3.102570E-01 4.952E+00
  3.235920E-01 4.379E+00
  3.374030E-01 3.872E+00
  3.517040E-01 3.424E+00
  3.665090E-01 3.027E+00
  3.818320E-01 2.676E+00
  3.976880E-01 2.365E+00
  4.140910E-01 2.091E+00
  4.310580E-01 1.847E+00
  4.486050E-01 1.633E+00
  4.667460E-01 1.442E+00
  4.855000E-01 1.274E+00
  5.048820E-01 1.126E+00
  5.249090E-01 9.944E-01
  5.456000E-01 8.783E-01
  5.669730E-01 7.757E-01
  5.890450E-01 6.850E-01
  6.118350E-01 6.048E-01
  6.353630E-01 5.340E-01
  6.596480E-01 4.715E-01
  6.847110E-01 4.162E-01
  7.105710E-01 3.674E-01
  7.372490E-01 3.242E-01
  7.647670E-01 2.862E-01
  7.931460E-01 2.525E-01
  8.224090E-01 2.228E-01
  8.525780E-01 1.966E-01
  8.836760E-01 1.735E-01
  9.157270E-01 1.530E-01
  9.487550E-01 1.350E-01
  9.827850E-01 1.191E-01
  1.017840E+00 1.050E-01
  1.053950E+00 9.262E-02
  1.091140E+00 8.168E-02
  1.129430E+00 7.202E-02
  1.168850E+00 6.351E-02
  1.209430E+00 5.599E-02
  1.251200E+00 4.936E-02
  1.294190E+00 4.352E-02
  1.338420E+00 3.836E-02
  1.383930E+00 3.381E-02
  1.430740E+00 2.980E-02
  1.478890E+00 2.626E-02
  1.528420E+00 2.315E-02
  1.579340E+00 2.040E-02
  1.631700E+00 1.797E-02
  1.685520E+00 1.583E-02
  1.740850E+00 1.395E-02
  1.797710E+00 1.229E-02
  1.856150E+00 1.083E-02
  1.916200E+00 9.537E-03
  1.977890E+00 8.401E-03
    3    2    0    3
     61     61
  1.601650E-01    0.0100
  1.271070E-01 2.412E+01
  1.353720E-01 2.072E+01
  1.436360E-01 1.794E+01
  1.519010E-01 1.563E+01
  1.601250E-01 1.370E+01
  1.679950E-01 1.214E+01
  1.761870E-01 1.076E+01
  1.847100E-01 9.540E+00
  1.935770E-01 8.453E+00
  2.027970E-01 7.489E+00
  2.123810E-01 6.634E+00
  2.223430E-01 5.876E+00
  2.326920E-01 5.204E+00
  2.434410E-01 4.608E+00
  2.546020E-01 4.079E+00
  2.661890E-01 3.611E+00
  2.782130E-01 3.196E+00
  2.906880E-01 2.829E+00
  3.036270E-01 2.503E+00
  3.170450E-01 2.215E+00
  3.309540E-01 1.959E+00
  3.453710E-01 1.733E+00
  3.603080E-01 1.533E+00
  3.757820E-01 1.355E+00
  3.918080E-01 1.199E+00
  4.084010E-01 1.060E+00
  4.255770E-01 9.368E-01
  4.433540E-01 8.281E-01
  4.617460E-01 7.319E-01
  4.807720E-01 6.468E-01
  5.004500E-01 5.716E-01
  5.207960E-01 5.050E-01
  5.418290E-01 4.462E-01
  5.635680E-01 3.942E-01
  5.860320E-01 3.481E-01
  6.092390E-01 3.075E-01
  6.332110E-01 2.715E-01
  6.579660E-01 2.398E-01
  6.835250E-01 2.117E-01
  7.099100E-01 1.869E-01
  7.371420E-01 1.650E-01
  7.652420E-01 1.456E-01
  7.942340E-01 1.286E-01
  8.241390E-01 1.135E-01
  8.549810E-01 1.001E-01
  8.867830E-01 8.834E-02
  9.195690E-01 7.794E-02
  9.533650E-01 6.876E-02
  9.881950E-01 6.066E-02
  1.024080E+00 5.351E-02
  1.061060E+00 4.719E-02
  1.099150E+00 4.162E-02
  1.138370E+00 3.670E-02
  1.178770E+00 3.236E-02
  1.220350E+00 2.854E-02
  1.263160E+00 2.516E-02
  1.307220E+00 2.218E-02
  1.352570E+00 1.955E-02
  1.399230E+00 1.723E-02
  1.447230E+00 1.519E-02
  1.496600E+00 1.339E-02
    3    2    0    4
     62     62
  1.112110E-01    0.0100
  8.340824E-02 3.610E+01
  8.641762E-02 3.303E+01
  9.468198E-02 2.680E+01
  1.029460E-01 2.207E+01
  1.111710E-01 1.842E+01
  1.168930E-01 1.636E+01
  1.228700E-01 1.452E+01
  1.291110E-01 1.289E+01
  1.356250E-01 1.144E+01
  1.424210E-01 1.015E+01
  1.495110E-01 9.007E+00
  1.569040E-01 7.990E+00
  1.646090E-01 7.087E+00
  1.726380E-01 6.285E+00
  1.810010E-01 5.572E+00
  1.897100E-01 4.940E+00
  1.987760E-01 4.379E+00
  2.082100E-01 3.881E+00
  2.180240E-01 3.439E+00
  2.282300E-01 3.047E+00
  2.388410E-01 2.699E+00
  2.498700E-01 2.390E+00
  2.613290E-01 2.117E+00
  2.732320E-01 1.874E+00
  2.855920E-01 1.660E+00
  2.984230E-01 1.469E+00
  3.117390E-01 1.300E+00
  3.255540E-01 1.151E+00
  3.398840E-01 1.018E+00
  3.547440E-01 9.009E-01
  3.701480E-01 7.969E-01
  3.861130E-01 7.049E-01
  4.026550E-01 6.234E-01
  4.197890E-01 5.513E-01
  4.375330E-01 4.875E-01
  4.559040E-01 4.309E-01
  4.749190E-01 3.809E-01
  4.945950E-01 3.367E-01
  5.149520E-01 2.976E-01
  5.360070E-01 2.630E-01
  5.577780E-01 2.323E-01
  5.802870E-01 2.053E-01
  6.035500E-01 1.813E-01
  6.275900E-01 1.602E-01
  6.524260E-01 1.414E-01
  6.780790E-01 1.249E-01
  7.045690E-01 1.103E-01
  7.319190E-01 9.737E-02
  7.601500E-01 8.596E-02
  7.892840E-01 7.588E-02
  8.193450E-01 6.697E-02
  8.503540E-01 5.910E-02
  8.823370E-01 5.215E-02
  9.153170E-01 4.602E-02
  9.493170E-01 4.060E-02
  9.843640E-01 3.582E-02
  1.020480E+00 3.160E-02
  1.057700E+00 2.787E-02
  1.096040E+00 2.458E-02
  1.135520E+00 2.167E-02
  1.176190E+00 1.911E-02
  1.218060E+00 1.685E-02
    3    2    0    5
     61     61
  8.169693E-02    0.0100
  6.127270E-02 4.525E+01
  6.516802E-02 3.885E+01
  7.343251E-02 2.973E+01
  8.165687E-02 2.336E+01
  8.595812E-02 2.077E+01
  9.046280E-02 1.846E+01
  9.517908E-02 1.641E+01
  1.001150E-01 1.458E+01
  1.052790E-01 1.296E+01
  1.106800E-01 1.151E+01
  1.163270E-01 1.022E+01
  1.222280E-01 9.080E+00
  1.283930E-01 8.063E+00
  1.348310E-01 7.158E+00
  1.415530E-01 6.353E+00
  1.485690E-01 5.638E+00
  1.558880E-01 5.003E+00
  1.635210E-01 4.439E+00
  1.714790E-01 3.937E+00
  1.797740E-01 3.492E+00
  1.884150E-01 3.096E+00
  1.974160E-01 2.745E+00
  2.067880E-01 2.434E+00
  2.165420E-01 2.157E+00
  2.266920E-01 1.912E+00
  2.372510E-01 1.694E+00
  2.482300E-01 1.501E+00
  2.596430E-01 1.329E+00
  2.715040E-01 1.177E+00
  2.838260E-01 1.043E+00
  2.966250E-01 9.231E-01
  3.099130E-01 8.172E-01
  3.237060E-01 7.233E-01
  3.380200E-01 6.402E-01
  3.528680E-01 5.665E-01
  3.682670E-01 5.012E-01
  3.842330E-01 4.434E-01
  4.007830E-01 3.922E-01
  4.179310E-01 3.469E-01
  4.356970E-01 3.068E-01
  4.540970E-01 2.713E-01
  4.731480E-01 2.398E-01
  4.928690E-01 2.120E-01
  5.132770E-01 1.874E-01
  5.343920E-01 1.656E-01
  5.562320E-01 1.463E-01
  5.788170E-01 1.293E-01
  6.021670E-01 1.142E-01
  6.263020E-01 1.009E-01
  6.512410E-01 8.913E-02
  6.770070E-01 7.872E-02
  7.036190E-01 6.951E-02
  7.311010E-01 6.137E-02
  7.594730E-01 5.418E-02
  7.887580E-01 4.783E-02
  8.189790E-01 4.222E-02
  8.501590E-01 3.726E-02
  8.823220E-01 3.288E-02
  9.154910E-01 2.902E-02
  9.496910E-01 2.560E-02
  9.849470E-01 2.259E-02
    3    2    0    6
     61     61
  6.254357E-02    0.0100
  4.690768E-02 5.433E+01
  5.427910E-02 3.909E+01
  6.250358E-02 2.855E+01
  6.583148E-02 2.541E+01
  6.932390E-02 2.261E+01
  7.298762E-02 2.012E+01
  7.682991E-02 1.790E+01
  8.085787E-02 1.592E+01
  8.507931E-02 1.415E+01
  8.950192E-02 1.259E+01
  9.413368E-02 1.119E+01
  9.898281E-02 9.945E+00
  1.040580E-01 8.838E+00
  1.093670E-01 7.852E+00
  1.149200E-01 6.976E+00
  1.207260E-01 6.196E+00
  1.267930E-01 5.503E+00
  1.331330E-01 4.886E+00
  1.397530E-01 4.338E+00
  1.466660E-01 3.851E+00
  1.538800E-01 3.417E+00
  1.614080E-01 3.032E+00
  1.692590E-01 2.690E+00
  1.774440E-01 2.387E+00
  1.859760E-01 2.117E+00
  1.948660E-01 1.877E+00
  2.041260E-01 1.664E+00
  2.137680E-01 1.475E+00
  2.238050E-01 1.308E+00
  2.342490E-01 1.159E+00
  2.451140E-01 1.027E+00
  2.564120E-01 9.098E-01
  2.681590E-01 8.059E-01
  2.803660E-01 7.138E-01
  2.930500E-01 6.321E-01
  3.062240E-01 5.597E-01
  3.199030E-01 4.955E-01
  3.341020E-01 4.386E-01
  3.488370E-01 3.882E-01
  3.641230E-01 3.435E-01
  3.799770E-01 3.039E-01
  3.964150E-01 2.689E-01
  4.134540E-01 2.378E-01
  4.311100E-01 2.104E-01
  4.494010E-01 1.860E-01
  4.683450E-01 1.645E-01
  4.879600E-01 1.454E-01
  5.082650E-01 1.285E-01
  5.292770E-01 1.136E-01
  5.510160E-01 1.004E-01
  5.735010E-01 8.873E-02
  5.967530E-01 7.839E-02
  6.207910E-01 6.926E-02
  6.456350E-01 6.117E-02
  6.713080E-01 5.403E-02
  6.978290E-01 4.772E-02
  7.252200E-01 4.213E-02
  7.535040E-01 3.720E-02
  7.827030E-01 3.284E-02
  8.128390E-01 2.899E-02
  8.439370E-01 2.559E-02
    3    2    0    7
     61     61
  4.941360E-02    0.0100
  3.706020E-02 6.651E+01
  4.114910E-02 5.079E+01
  4.937350E-02 3.401E+01
  5.201300E-02 3.029E+01
  5.478680E-02 2.698E+01
  5.770110E-02 2.402E+01
  6.076200E-02 2.138E+01
  6.397587E-02 1.903E+01
  6.734949E-02 1.694E+01
  7.088947E-02 1.507E+01
  7.460302E-02 1.341E+01
  7.849717E-02 1.193E+01
  8.257961E-02 1.061E+01
  8.685791E-02 9.437E+00
  9.134001E-02 8.391E+00
  9.603399E-02 7.459E+00
  1.009480E-01 6.630E+00
  1.060920E-01 5.892E+00
  1.114730E-01 5.236E+00
  1.171010E-01 4.651E+00
  1.229850E-01 4.132E+00
  1.291350E-01 3.669E+00
  1.355610E-01 3.258E+00
  1.422730E-01 2.893E+00
  1.492800E-01 2.568E+00
  1.565940E-01 2.279E+00
  1.642260E-01 2.022E+00
  1.721860E-01 1.794E+00
  1.804870E-01 1.592E+00
  1.891390E-01 1.412E+00
  1.981540E-01 1.252E+00
  2.075460E-01 1.110E+00
  2.173250E-01 9.841E-01
  2.275060E-01 8.723E-01
  2.381000E-01 7.731E-01
  2.491220E-01 6.850E-01
  2.605850E-01 6.069E-01
  2.725020E-01 5.376E-01
  2.848890E-01 4.762E-01
  2.977590E-01 4.217E-01
  3.111270E-01 3.734E-01
  3.250090E-01 3.306E-01
  3.394190E-01 2.926E-01
  3.543740E-01 2.590E-01
  3.698890E-01 2.292E-01
  3.859800E-01 2.028E-01
  4.026660E-01 1.794E-01
  4.199610E-01 1.587E-01
  4.378850E-01 1.404E-01
  4.564530E-01 1.241E-01
  4.756850E-01 1.098E-01
  4.955980E-01 9.703E-02
  5.162110E-01 8.577E-02
  5.375430E-01 7.581E-02
  5.596140E-01 6.700E-02
  5.824430E-01 5.920E-02
  6.060490E-01 5.231E-02
  6.304540E-01 4.621E-02
  6.556790E-01 4.082E-02
  6.817430E-01 3.605E-02
  7.086690E-01 3.184E-02
    3    2    0    8
     61     61
  4.002260E-02    0.0100
  3.001695E-02 7.837E+01
  3.175810E-02 6.574E+01
  3.998260E-02 3.974E+01
  4.212010E-02 3.542E+01
  4.436890E-02 3.156E+01
  4.673400E-02 2.812E+01
  4.922100E-02 2.505E+01
  5.183540E-02 2.231E+01
  5.458300E-02 1.987E+01
  5.746960E-02 1.769E+01
  6.050160E-02 1.575E+01
  6.368530E-02 1.402E+01
  6.702721E-02 1.248E+01
  7.053429E-02 1.110E+01
  7.421350E-02 9.880E+00
  7.807201E-02 8.789E+00
  8.211732E-02 7.818E+00
  8.635718E-02 6.953E+00
  9.079963E-02 6.182E+00
  9.545249E-02 5.496E+00
  1.003240E-01 4.886E+00
  1.054240E-01 4.342E+00
  1.107600E-01 3.859E+00
  1.163420E-01 3.428E+00
  1.221780E-01 3.045E+00
  1.282790E-01 2.705E+00
  1.346550E-01 2.402E+00
  1.413150E-01 2.133E+00
  1.482700E-01 1.893E+00
  1.555300E-01 1.680E+00
  1.631070E-01 1.491E+00
  1.710110E-01 1.323E+00
  1.792550E-01 1.174E+00
  1.878480E-01 1.041E+00
  1.968050E-01 9.235E-01
  2.061360E-01 8.189E-01
  2.158550E-01 7.261E-01
  2.259740E-01 6.436E-01
  2.365060E-01 5.705E-01
  2.474650E-01 5.055E-01
  2.588640E-01 4.479E-01
  2.707170E-01 3.968E-01
  2.830390E-01 3.515E-01
  2.958430E-01 3.113E-01
  3.091460E-01 2.757E-01
  3.229610E-01 2.441E-01
  3.373040E-01 2.161E-01
  3.521920E-01 1.912E-01
  3.676400E-01 1.692E-01
  3.836650E-01 1.498E-01
  4.002820E-01 1.325E-01
  4.175110E-01 1.172E-01
  4.353660E-01 1.037E-01
  4.538670E-01 9.169E-02
  4.730320E-01 8.108E-02
  4.928780E-01 7.169E-02
  5.134240E-01 6.337E-02
  5.346900E-01 5.602E-02
  5.566950E-01 4.951E-02
  5.794580E-01 4.375E-02
  6.029990E-01 3.866E-02
    1    1    1    1
     38     60
  9.859760E-01    0.0100
  9.529180E-01 3.628E+00
  9.611830E-01 3.531E+00
  9.694470E-01 3.437E+00
  9.777110E-01 3.347E+00
  9.859360E-01 3.260E+00
  1.024400E+00 2.886E+00
  1.064350E+00 2.554E+00
  1.105820E+00 2.260E+00
  1.148860E+00 2.000E+00
  1.193490E+00 1.769E+00
  1.239760E+00 1.564E+00
  1.287710E+00 1.382E+00
  1.337370E+00 1.222E+00
  1.388790E+00 1.080E+00
  1.441980E+00 9.536E-01
  1.497000E+00 8.422E-01
  1.553880E+00 7.436E-01
  1.612640E+00 6.563E-01
  1.673320E+00 5.792E-01
  1.735950E+00 5.110E-01
  1.800570E+00 4.507E-01
  1.867190E+00 3.974E-01
  1.935860E+00 3.503E-01
  2.006580E+00 3.088E-01
  2.079410E+00 2.721E-01
  2.154350E+00 2.397E-01
  2.231430E+00 2.111E-01
  2.310680E+00 1.859E-01
  2.392120E+00 1.636E-01
  2.475780E+00 1.440E-01
  2.561660E+00 1.267E-01
  2.649810E+00 1.115E-01
  2.740230E+00 9.806E-02
  2.832940E+00 8.624E-02
  2.927970E+00 7.582E-02
  3.025330E+00 6.665E-02
  3.125040E+00 5.858E-02
  3.227120E+00 5.148E-02
  3.335560E+00 4.595E-02
  3.447039E+00 4.040E-02
  3.561628E+00 3.551E-02
  3.679403E+00 3.122E-02
  3.800434E+00 2.744E-02
  3.924800E+00 2.412E-02
  4.052577E+00 2.120E-02
  4.183848E+00 1.863E-02
  4.318692E+00 1.637E-02
  4.457190E+00 1.439E-02
  4.599425E+00 1.264E-02
  4.745491E+00 1.111E-02
  4.895465E+00 9.763E-03
  5.049443E+00 8.578E-03
  5.207515E+00 7.537E-03
  5.369771E+00 6.622E-03
  5.536306E+00 5.818E-03
  5.707217E+00 5.111E-03
  5.882603E+00 4.490E-03
  6.062563E+00 3.944E-03
  6.247200E+00 3.465E-03
  6.436619E+00 3.043E-03
    1    1    1    2
     48     61
  4.401730E-01    0.0100
  4.071150E-01 7.982E+00
  4.153790E-01 7.596E+00
  4.236440E-01 7.235E+00
  4.319080E-01 6.897E+00
  4.401320E-01 6.581E+00
  4.615580E-01 5.839E+00
  4.839050E-01 5.180E+00
  5.072040E-01 4.594E+00
  5.314860E-01 4.074E+00
  5.567810E-01 3.612E+00
  5.831240E-01 3.202E+00
  6.105450E-01 2.838E+00
  6.390790E-01 2.514E+00
  6.687580E-01 2.228E+00
  6.996180E-01 1.973E+00
  7.316940E-01 1.747E+00
  7.650200E-01 1.547E+00
  7.996320E-01 1.370E+00
  8.355680E-01 1.212E+00
  8.728640E-01 1.073E+00
  9.115570E-01 9.494E-01
  9.516870E-01 8.399E-01
  9.932910E-01 7.429E-01
  1.036410E+00 6.570E-01
  1.081080E+00 5.810E-01
  1.127350E+00 5.136E-01
  1.175250E+00 4.540E-01
  1.224830E+00 4.013E-01
  1.276120E+00 3.546E-01
  1.329180E+00 3.133E-01
  1.384050E+00 2.768E-01
  1.440760E+00 2.445E-01
  1.499360E+00 2.159E-01
  1.559910E+00 1.906E-01
  1.622430E+00 1.683E-01
  1.686990E+00 1.486E-01
  1.753620E+00 1.312E-01
  1.822380E+00 1.157E-01
  1.893310E+00 1.021E-01
  1.966460E+00 9.011E-02
  2.041880E+00 7.949E-02
  2.119620E+00 7.012E-02
  2.199720E+00 6.184E-02
  2.282250E+00 5.453E-02
  2.367250E+00 4.808E-02
  2.454780E+00 4.239E-02
  2.544880E+00 3.737E-02
  2.637610E+00 3.294E-02
  2.736408E+00 2.940E-02
  2.838338E+00 2.589E-02
  2.943485E+00 2.279E-02
  3.051938E+00 2.007E-02
  3.163786E+00 1.767E-02
  3.279118E+00 1.555E-02
  3.398027E+00 1.369E-02
  3.520611E+00 1.205E-02
  3.646963E+00 1.061E-02
  3.777186E+00 9.334E-03
  3.911382E+00 8.215E-03
  4.049652E+00 7.229E-03
  4.192108E+00 6.362E-03
    1    1    1    3
     57     62
  2.481960E-01    0.0100
  2.151380E-01 1.408E+01
  2.234030E-01 1.294E+01
  2.316670E-01 1.191E+01
  2.399310E-01 1.100E+01
  2.481560E-01 1.018E+01
  2.610840E-01 9.052E+00
  2.746280E-01 8.047E+00
  2.888090E-01 7.153E+00
  3.036530E-01 6.357E+00
  3.191850E-01 5.648E+00
  3.354310E-01 5.018E+00
  3.524170E-01 4.457E+00
  3.701710E-01 3.958E+00
  3.887190E-01 3.514E+00
  4.080910E-01 3.120E+00
  4.283160E-01 2.769E+00
  4.494230E-01 2.457E+00
  4.714420E-01 2.180E+00
  4.944040E-01 1.934E+00
  5.183410E-01 1.715E+00
  5.432860E-01 1.521E+00
  5.692710E-01 1.349E+00
  5.963300E-01 1.195E+00
  6.244980E-01 1.060E+00
  6.538080E-01 9.390E-01
  6.842990E-01 8.319E-01
  7.160040E-01 7.370E-01
  7.489620E-01 6.528E-01
  7.832110E-01 5.781E-01
  8.187890E-01 5.119E-01
  8.557350E-01 4.531E-01
  8.940900E-01 4.011E-01
  9.338930E-01 3.550E-01
  9.751870E-01 3.141E-01
  1.018010E+00 2.779E-01
  1.062420E+00 2.458E-01
  1.108440E+00 2.174E-01
  1.156120E+00 1.923E-01
  1.205520E+00 1.700E-01
  1.256670E+00 1.503E-01
  1.309620E+00 1.329E-01
  1.364420E+00 1.174E-01
  1.421120E+00 1.038E-01
  1.479770E+00 9.171E-02
  1.540410E+00 8.102E-02
  1.603100E+00 7.157E-02
  1.667890E+00 6.322E-02
  1.734830E+00 5.583E-02
  1.803980E+00 4.930E-02
  1.875380E+00 4.353E-02
  1.949100E+00 3.843E-02
  2.025190E+00 3.392E-02
  2.103700E+00 2.994E-02
  2.184700E+00 2.642E-02
  2.268240E+00 2.331E-02
  2.354390E+00 2.057E-02
  2.443190E+00 1.814E-02
  2.538748E+00 1.636E-02
  2.637552E+00 1.442E-02
  2.739700E+00 1.271E-02
  2.845289E+00 1.120E-02
  2.954420E+00 9.868E-03
    1    1    1    4
     63     63
  1.590780E-01    0.0100
  1.260200E-01 2.356E+01
  1.342840E-01 2.052E+01
  1.425490E-01 1.801E+01
  1.508130E-01 1.591E+01
  1.590380E-01 1.415E+01
  1.674410E-01 1.260E+01
  1.762720E-01 1.122E+01
  1.855490E-01 9.992E+00
  1.952920E-01 8.895E+00
  2.055210E-01 7.917E+00
  2.162570E-01 7.045E+00
  2.275210E-01 6.268E+00
  2.393350E-01 5.576E+00
  2.517230E-01 4.960E+00
  2.647060E-01 4.411E+00
  2.783090E-01 3.922E+00
  2.925560E-01 3.486E+00
  3.074740E-01 3.099E+00
  3.230860E-01 2.754E+00
  3.394210E-01 2.447E+00
  3.565050E-01 2.173E+00
  3.743650E-01 1.930E+00
  3.930310E-01 1.714E+00
  4.125310E-01 1.522E+00
  4.328950E-01 1.351E+00
  4.541530E-01 1.199E+00
  4.763370E-01 1.064E+00
  4.994780E-01 9.440E-01
  5.236090E-01 8.374E-01
  5.487630E-01 7.427E-01
  5.749730E-01 6.586E-01
  6.022740E-01 5.839E-01
  6.307010E-01 5.176E-01
  6.602900E-01 4.587E-01
  6.910770E-01 4.065E-01
  7.231000E-01 3.601E-01
  7.563960E-01 3.190E-01
  7.910050E-01 2.825E-01
  8.269640E-01 2.502E-01
  8.643150E-01 2.215E-01
  9.030980E-01 1.961E-01
  9.433550E-01 1.736E-01
  9.851260E-01 1.536E-01
  1.028460E+00 1.359E-01
  1.073390E+00 1.202E-01
  1.119970E+00 1.063E-01
  1.168240E+00 9.405E-02
  1.218240E+00 8.316E-02
  1.270030E+00 7.353E-02
  1.323660E+00 6.500E-02
  1.379150E+00 5.745E-02
  1.436580E+00 5.077E-02
  1.495990E+00 4.486E-02
  1.557420E+00 3.964E-02
  1.620930E+00 3.501E-02
  1.686570E+00 3.093E-02
  1.754400E+00 2.731E-02
  1.824460E+00 2.412E-02
  1.896810E+00 2.129E-02
  1.971510E+00 1.880E-02
  2.048610E+00 1.659E-02
  2.128170E+00 1.464E-02
  2.210240E+00 1.292E-02
    1    1    1    5
     63     63
  1.105790E-01    0.0100
  8.293426E-02 3.466E+01
  8.578539E-02 3.199E+01
  9.404981E-02 2.624E+01
  1.023140E-01 2.186E+01
  1.105390E-01 1.847E+01
  1.164740E-01 1.646E+01
  1.227180E-01 1.467E+01
  1.292850E-01 1.307E+01
  1.361890E-01 1.164E+01
  1.434470E-01 1.037E+01
  1.510730E-01 9.232E+00
  1.590850E-01 8.220E+00
  1.675000E-01 7.318E+00
  1.763360E-01 6.515E+00
  1.856110E-01 5.798E+00
  1.953430E-01 5.160E+00
  2.055530E-01 4.591E+00
  2.162610E-01 4.084E+00
  2.274870E-01 3.633E+00
  2.392530E-01 3.231E+00
  2.515810E-01 2.873E+00
  2.644940E-01 2.555E+00
  2.780150E-01 2.271E+00
  2.921700E-01 2.018E+00
  3.069810E-01 1.794E+00
  3.224770E-01 1.594E+00
  3.386810E-01 1.416E+00
  3.556230E-01 1.258E+00
  3.733280E-01 1.117E+00
  3.918270E-01 9.919E-01
  4.111490E-01 8.806E-01
  4.313220E-01 7.818E-01
  4.523800E-01 6.939E-01
  4.743530E-01 6.158E-01
  4.972730E-01 5.464E-01
  5.211740E-01 4.847E-01
  5.460910E-01 4.300E-01
  5.720580E-01 3.813E-01
  5.991100E-01 3.381E-01
  6.272860E-01 2.998E-01
  6.566220E-01 2.658E-01
  6.871560E-01 2.356E-01
  7.189290E-01 2.088E-01
  7.519800E-01 1.850E-01
  7.863500E-01 1.639E-01
  8.220820E-01 1.452E-01
  8.592180E-01 1.286E-01
  8.978030E-01 1.139E-01
  9.378820E-01 1.008E-01
  9.794990E-01 8.928E-02
  1.022700E+00 7.903E-02
  1.067540E+00 6.995E-02
  1.114060E+00 6.191E-02
  1.162310E+00 5.478E-02
  1.212350E+00 4.847E-02
  1.264220E+00 4.288E-02
  1.317980E+00 3.792E-02
  1.373680E+00 3.354E-02
  1.431380E+00 2.966E-02
  1.491130E+00 2.622E-02
  1.553000E+00 2.318E-02
  1.617030E+00 2.049E-02
  1.683290E+00 1.811E-02
    1    1    1    6
     63     63
  8.129799E-02    0.0100
  6.097350E-02 4.367E+01
  6.476903E-02 3.780E+01
  7.303351E-02 2.919E+01
  8.125800E-02 2.316E+01
  8.561552E-02 2.065E+01
  9.020412E-02 1.841E+01
  9.503531E-02 1.641E+01
  1.001210E-01 1.463E+01
  1.054730E-01 1.304E+01
  1.111040E-01 1.162E+01
  1.170280E-01 1.035E+01
  1.232580E-01 9.225E+00
  1.298090E-01 8.218E+00
  1.366950E-01 7.320E+00
  1.439320E-01 6.519E+00
  1.515350E-01 5.806E+00
  1.595220E-01 5.169E+00
  1.679090E-01 4.602E+00
  1.767140E-01 4.096E+00
  1.859550E-01 3.646E+00
  1.956510E-01 3.244E+00
  2.058220E-01 2.886E+00
  2.164870E-01 2.568E+00
  2.276680E-01 2.284E+00
  2.393870E-01 2.031E+00
  2.516640E-01 1.806E+00
  2.645240E-01 1.606E+00
  2.779890E-01 1.428E+00
  2.920840E-01 1.269E+00
  3.068340E-01 1.128E+00
  3.222640E-01 1.002E+00
  3.384010E-01 8.903E-01
  3.552730E-01 7.908E-01
  3.729070E-01 7.024E-01
  3.913320E-01 6.237E-01
  4.105770E-01 5.538E-01
  4.306730E-01 4.917E-01
  4.516510E-01 4.364E-01
  4.735420E-01 3.873E-01
  4.963810E-01 3.437E-01
  5.201990E-01 3.049E-01
  5.450330E-01 2.705E-01
  5.709160E-01 2.399E-01
  5.978860E-01 2.128E-01
  6.259800E-01 1.887E-01
  6.552350E-01 1.673E-01
  6.856900E-01 1.483E-01
  7.173860E-01 1.314E-01
  7.503630E-01 1.165E-01
  7.846620E-01 1.032E-01
  8.203280E-01 9.142E-02
  8.574020E-01 8.098E-02
  8.959310E-01 7.172E-02
  9.359580E-01 6.352E-02
  9.775320E-01 5.624E-02
  1.020700E+00 4.979E-02
  1.065510E+00 4.408E-02
  1.112010E+00 3.901E-02
  1.160260E+00 3.453E-02
  1.210300E+00 3.055E-02
  1.262190E+00 2.703E-02
  1.315980E+00 2.391E-02
  1.371730E+00 2.115E-02
    1    1    1    7
     62     62
  6.227600E-02    0.0100
  4.670700E-02 5.282E+01
  5.401150E-02 3.832E+01
  6.223600E-02 2.821E+01
  6.555849E-02 2.516E+01
  6.905949E-02 2.244E+01
  7.274789E-02 2.002E+01
  7.663339E-02 1.785E+01
  8.072561E-02 1.592E+01
  8.503503E-02 1.419E+01
  8.957219E-02 1.265E+01
  9.434837E-02 1.128E+01
  9.937513E-02 1.005E+01
  1.046650E-01 8.958E+00
  1.102290E-01 7.983E+00
  1.160820E-01 7.113E+00
  1.222370E-01 6.337E+00
  1.287080E-01 5.645E+00
  1.355090E-01 5.028E+00
  1.426570E-01 4.478E+00
  1.501650E-01 3.987E+00
  1.580520E-01 3.550E+00
  1.663330E-01 3.161E+00
  1.750270E-01 2.813E+00
  1.841500E-01 2.504E+00
  1.937230E-01 2.228E+00
  2.037640E-01 1.982E+00
  2.142930E-01 1.764E+00
  2.253320E-01 1.569E+00
  2.369000E-01 1.395E+00
  2.490210E-01 1.241E+00
  2.617170E-01 1.103E+00
  2.750110E-01 9.807E-01
  2.889280E-01 8.717E-01
  3.034920E-01 7.747E-01
  3.187290E-01 6.884E-01
  3.346640E-01 6.116E-01
  3.513270E-01 5.433E-01
  3.687430E-01 4.826E-01
  3.869430E-01 4.286E-01
  4.059550E-01 3.806E-01
  4.258090E-01 3.379E-01
  4.465370E-01 2.999E-01
  4.681710E-01 2.662E-01
  4.907430E-01 2.362E-01
  5.142870E-01 2.096E-01
  5.388380E-01 1.860E-01
  5.644310E-01 1.650E-01
  5.911030E-01 1.463E-01
  6.188900E-01 1.297E-01
  6.478300E-01 1.150E-01
  6.779640E-01 1.020E-01
  7.093300E-01 9.040E-02
  7.419700E-01 8.012E-02
  7.759260E-01 7.100E-02
  8.112410E-01 6.290E-02
  8.479580E-01 5.573E-02
  8.861230E-01 4.936E-02
  9.257810E-01 4.372E-02
  9.669800E-01 3.872E-02
  1.009770E+00 3.428E-02
  1.054190E+00 3.035E-02
  1.100310E+00 2.687E-02
    1    1    1    8
     62     62
  4.922550E-02    0.0100
  3.691912E-02 6.505E+01
  4.096100E-02 4.990E+01
  4.918550E-02 3.360E+01
  5.179760E-02 2.998E+01
  5.455110E-02 2.674E+01
  5.745310E-02 2.386E+01
  6.051150E-02 2.128E+01
  6.373429E-02 1.898E+01
  6.712979E-02 1.693E+01
  7.070690E-02 1.510E+01
  7.447457E-02 1.346E+01
  7.844257E-02 1.200E+01
  8.262068E-02 1.070E+01
  8.701950E-02 9.542E+00
  9.164959E-02 8.506E+00
  9.652239E-02 7.581E+00
  1.016500E-01 6.756E+00
  1.070430E-01 6.021E+00
  1.127160E-01 5.365E+00
  1.186820E-01 4.780E+00
  1.249540E-01 4.258E+00
  1.315460E-01 3.792E+00
  1.384730E-01 3.378E+00
  1.457510E-01 3.008E+00
  1.533960E-01 2.678E+00
  1.614230E-01 2.384E+00
  1.698500E-01 2.122E+00
  1.786940E-01 1.889E+00
  1.879740E-01 1.681E+00
  1.977100E-01 1.496E+00
  2.079190E-01 1.331E+00
  2.186230E-01 1.184E+00
  2.298420E-01 1.053E+00
  2.415980E-01 9.363E-01
  2.539130E-01 8.326E-01
  2.668100E-01 7.402E-01
  2.803130E-01 6.580E-01
  2.944450E-01 5.848E-01
  3.092330E-01 5.197E-01
  3.247020E-01 4.618E-01
  3.408790E-01 4.103E-01
  3.577910E-01 3.645E-01
  3.754670E-01 3.237E-01
  3.939340E-01 2.875E-01
  4.132250E-01 2.552E-01
  4.333680E-01 2.266E-01
  4.543960E-01 2.011E-01
  4.763400E-01 1.785E-01
  4.992350E-01 1.584E-01
  5.231140E-01 1.406E-01
  5.480130E-01 1.247E-01
  5.739670E-01 1.106E-01
  6.010140E-01 9.811E-02
  6.291900E-01 8.700E-02
  6.585360E-01 7.714E-02
  6.890900E-01 6.839E-02
  7.208940E-01 6.062E-02
  7.539890E-01 5.372E-02
  7.884170E-01 4.761E-02
  8.242240E-01 4.218E-02
  8.614520E-01 3.737E-02
  9.001490E-01 3.310E-02
    1    1    1    9
     63     63
  3.988540E-02    0.0100
  2.991405E-02 7.708E+01
  3.162100E-02 6.484E+01
  3.984540E-02 3.933E+01
  4.194900E-02 3.510E+01
  4.416680E-02 3.131E+01
  4.650490E-02 2.794E+01
  4.896970E-02 2.493E+01
  5.156770E-02 2.224E+01
  5.430590E-02 1.984E+01
  5.719170E-02 1.770E+01
  6.023240E-02 1.579E+01
  6.343633E-02 1.408E+01
  6.681138E-02 1.256E+01
  7.036662E-02 1.120E+01
  7.411093E-02 9.985E+00
  7.805371E-02 8.902E+00
  8.220488E-02 7.937E+00
  8.657467E-02 7.075E+00
  9.117401E-02 6.307E+00
  9.601372E-02 5.621E+00
  1.011060E-01 5.009E+00
  1.064620E-01 4.464E+00
  1.120950E-01 3.977E+00
  1.180180E-01 3.543E+00
  1.242440E-01 3.156E+00
  1.307880E-01 2.811E+00
  1.376640E-01 2.504E+00
  1.448880E-01 2.229E+00
  1.524740E-01 1.985E+00
  1.604410E-01 1.767E+00
  1.688030E-01 1.573E+00
  1.775800E-01 1.400E+00
  1.867880E-01 1.246E+00
  1.964470E-01 1.109E+00
  2.065770E-01 9.863E-01
  2.171960E-01 8.773E-01
  2.283270E-01 7.803E-01
  2.399900E-01 6.940E-01
  2.522080E-01 6.171E-01
  2.650030E-01 5.486E-01
  2.783990E-01 4.877E-01
  2.924200E-01 4.335E-01
  3.070910E-01 3.852E-01
  3.224380E-01 3.423E-01
  3.384880E-01 3.041E-01
  3.552670E-01 2.702E-01
  3.728050E-01 2.400E-01
  3.911290E-01 2.131E-01
  4.102710E-01 1.892E-01
  4.302600E-01 1.680E-01
  4.511280E-01 1.491E-01
  4.729070E-01 1.324E-01
  4.956310E-01 1.175E-01
  5.193330E-01 1.042E-01
  5.440500E-01 9.247E-02
  5.698160E-01 8.203E-02
  5.966690E-01 7.275E-02
  6.246460E-01 6.452E-02
  6.537880E-01 5.721E-02
  6.841320E-01 5.072E-02
  7.157210E-01 4.496E-02
  7.485960E-01 3.985E-02
  7.828000E-01 3.532E-02
    3    1    1    1
     33     62
  1.055010E+00    0.0100
  1.021950E+00 4.246E+00
  1.030220E+00 4.150E+00
  1.038480E+00 4.056E+00
  1.046740E+00 3.966E+00
  1.054970E+00 3.878E+00
  1.100670E+00 3.435E+00
  1.148140E+00 3.043E+00
  1.197430E+00 2.696E+00
  1.248620E+00 2.388E+00
  1.301780E+00 2.115E+00
  1.356970E+00 1.873E+00
  1.414270E+00 1.659E+00
  1.473760E+00 1.469E+00
  1.535520E+00 1.301E+00
  1.599640E+00 1.153E+00
  1.666200E+00 1.021E+00
  1.735280E+00 9.040E-01
  1.806990E+00 8.006E-01
  1.881420E+00 7.090E-01
  1.958660E+00 6.279E-01
  2.038830E+00 5.560E-01
  2.122030E+00 4.924E-01
  2.208380E+00 4.360E-01
  2.297980E+00 3.861E-01
  2.390960E+00 3.419E-01
  2.487450E+00 3.028E-01
  2.587570E+00 2.681E-01
  2.691460E+00 2.374E-01
  2.799260E+00 2.102E-01
  2.911110E+00 1.862E-01
  3.027160E+00 1.648E-01
  3.147580E+00 1.460E-01
  3.272520E+00 1.292E-01
  3.404399E+00 1.139E-01
  3.541201E+00 1.005E-01
  3.683091E+00 8.875E-02
  3.830247E+00 7.834E-02
  3.982846E+00 6.915E-02
  4.141078E+00 6.104E-02
  4.305137E+00 5.388E-02
  4.475221E+00 4.755E-02
  4.651536E+00 4.197E-02
  4.834291E+00 3.704E-02
  5.023709E+00 3.269E-02
  5.220011E+00 2.884E-02
  5.423431E+00 2.545E-02
  5.634208E+00 2.246E-02
  5.852590E+00 1.982E-02
  6.078835E+00 1.749E-02
  6.313197E+00 1.543E-02
  6.555959E+00 1.361E-02
  6.807393E+00 1.201E-02
  7.067790E+00 1.060E-02
  7.337447E+00 9.348E-03
  7.616667E+00 8.246E-03
  7.905771E+00 7.274E-03
  8.205084E+00 6.417E-03
  8.514933E+00 5.660E-03
  8.835672E+00 4.992E-03
  9.167655E+00 4.403E-03
  9.511250E+00 3.884E-03
  9.866837E+00 3.425E-03
    3    1    1    2
     43     62
  4.607970E-01    0.0100
  4.277390E-01 8.265E+00
  4.360040E-01 7.916E+00
  4.442680E-01 7.587E+00
  4.525330E-01 7.276E+00
  4.607570E-01 6.983E+00
  4.852940E-01 6.199E+00
  5.109020E-01 5.503E+00
  5.376200E-01 4.884E+00
  5.654910E-01 4.335E+00
  5.945580E-01 3.847E+00
  6.248660E-01 3.413E+00
  6.564620E-01 3.029E+00
  6.893940E-01 2.687E+00
  7.237110E-01 2.383E+00
  7.594650E-01 2.114E+00
  7.967090E-01 1.875E+00
  8.354980E-01 1.663E+00
  8.758890E-01 1.475E+00
  9.179400E-01 1.308E+00
  9.617120E-01 1.159E+00
  1.007270E+00 1.028E+00
  1.054670E+00 9.112E-01
  1.103990E+00 8.077E-01
  1.155300E+00 7.159E-01
  1.208660E+00 6.345E-01
  1.264150E+00 5.624E-01
  1.321850E+00 4.984E-01
  1.381840E+00 4.416E-01
  1.444190E+00 3.913E-01
  1.509000E+00 3.467E-01
  1.576340E+00 3.071E-01
  1.646310E+00 2.721E-01
  1.719010E+00 2.410E-01
  1.794520E+00 2.135E-01
  1.872950E+00 1.891E-01
  1.954400E+00 1.675E-01
  2.038970E+00 1.483E-01
  2.126780E+00 1.314E-01
  2.217940E+00 1.163E-01
  2.312560E+00 1.030E-01
  2.410770E+00 9.120E-02
  2.512690E+00 8.075E-02
  2.618440E+00 7.149E-02
  2.730044E+00 6.291E-02
  2.845815E+00 5.553E-02
  2.965889E+00 4.900E-02
  3.090405E+00 4.325E-02
  3.219510E+00 3.816E-02
  3.353353E+00 3.367E-02
  3.492086E+00 2.971E-02
  3.635866E+00 2.621E-02
  3.784859E+00 2.313E-02
  3.939228E+00 2.040E-02
  4.099146E+00 1.800E-02
  4.264791E+00 1.588E-02
  4.436344E+00 1.400E-02
  4.613987E+00 1.235E-02
  4.797916E+00 1.089E-02
  4.988330E+00 9.607E-03
  5.185430E+00 8.472E-03
  5.389423E+00 7.470E-03
  5.600523E+00 6.587E-03
    3    1    1    3
     52     63
  2.568750E-01    0.0100
  2.238170E-01 1.372E+01
  2.320810E-01 1.272E+01
  2.403460E-01 1.181E+01
  2.486100E-01 1.100E+01
  2.568350E-01 1.026E+01
  2.712930E-01 9.129E+00
  2.864530E-01 8.121E+00
  3.023450E-01 7.223E+00
  3.189970E-01 6.424E+00
  3.364430E-01 5.712E+00
  3.547140E-01 5.079E+00
  3.738440E-01 4.515E+00
  3.938670E-01 4.013E+00
  4.148200E-01 3.567E+00
  4.367400E-01 3.170E+00
  4.596660E-01 2.817E+00
  4.836360E-01 2.502E+00
  5.086930E-01 2.223E+00
  5.348790E-01 1.975E+00
  5.622380E-01 1.754E+00
  5.908150E-01 1.557E+00
  6.206580E-01 1.383E+00
  6.518140E-01 1.228E+00
  6.843350E-01 1.090E+00
  7.182710E-01 9.673E-01
  7.536770E-01 8.586E-01
  7.906080E-01 7.619E-01
  8.291210E-01 6.761E-01
  8.692750E-01 5.999E-01
  9.111300E-01 5.322E-01
  9.547500E-01 4.721E-01
  1.000200E+00 4.187E-01
  1.047540E+00 3.714E-01
  1.096850E+00 3.293E-01
  1.148200E+00 2.920E-01
  1.201660E+00 2.589E-01
  1.257300E+00 2.296E-01
  1.315200E+00 2.035E-01
  1.375450E+00 1.804E-01
  1.438120E+00 1.599E-01
  1.503310E+00 1.417E-01
  1.571100E+00 1.256E-01
  1.641580E+00 1.113E-01
  1.714840E+00 9.858E-02
  1.790980E+00 8.734E-02
  1.870110E+00 7.737E-02
  1.952320E+00 6.853E-02
  2.037720E+00 6.070E-02
  2.126410E+00 5.376E-02
  2.218510E+00 4.761E-02
  2.314140E+00 4.216E-02
  2.413410E+00 3.733E-02
  2.518929E+00 3.304E-02
  2.628548E+00 2.918E-02
  2.742406E+00 2.577E-02
  2.860651E+00 2.276E-02
  2.983433E+00 2.010E-02
  3.110908E+00 1.774E-02
  3.243234E+00 1.567E-02
  3.380579E+00 1.383E-02
  3.523113E+00 1.221E-02
  3.671009E+00 1.078E-02
  3.824450E+00 9.516E-03
    3    1    1    4
     60     64
  1.635120E-01    0.0100
  1.304540E-01 2.202E+01
  1.387180E-01 1.943E+01
  1.469830E-01 1.725E+01
  1.552470E-01 1.541E+01
  1.634720E-01 1.384E+01
  1.728130E-01 1.233E+01
  1.826350E-01 1.098E+01
  1.929580E-01 9.782E+00
  2.038050E-01 8.711E+00
  2.152000E-01 7.757E+00
  2.271670E-01 6.906E+00
  2.397300E-01 6.147E+00
  2.529160E-01 5.471E+00
  2.667530E-01 4.869E+00
  2.812680E-01 4.333E+00
  2.964900E-01 3.855E+00
  3.124500E-01 3.430E+00
  3.291780E-01 3.051E+00
  3.467080E-01 2.713E+00
  3.650730E-01 2.413E+00
  3.843070E-01 2.145E+00
  4.044480E-01 1.907E+00
  4.255320E-01 1.696E+00
  4.475970E-01 1.507E+00
  4.706840E-01 1.340E+00
  4.948350E-01 1.190E+00
  5.200910E-01 1.058E+00
  5.464980E-01 9.397E-01
  5.741010E-01 8.348E-01
  6.029480E-01 7.415E-01
  6.330870E-01 6.586E-01
  6.645700E-01 5.849E-01
  6.974470E-01 5.193E-01
  7.317750E-01 4.611E-01
  7.676080E-01 4.094E-01
  8.050040E-01 3.634E-01
  8.440230E-01 3.225E-01
  8.847270E-01 2.862E-01
  9.271780E-01 2.540E-01
  9.714420E-01 2.254E-01
  1.017590E+00 2.000E-01
  1.065690E+00 1.774E-01
  1.115800E+00 1.574E-01
  1.168020E+00 1.396E-01
  1.222410E+00 1.238E-01
  1.279060E+00 1.098E-01
  1.338040E+00 9.733E-02
  1.399430E+00 8.630E-02
  1.463340E+00 7.651E-02
  1.529830E+00 6.782E-02
  1.599020E+00 6.011E-02
  1.670990E+00 5.328E-02
  1.745830E+00 4.721E-02
  1.823660E+00 4.184E-02
  1.904570E+00 3.707E-02
  1.988670E+00 3.284E-02
  2.076070E+00 2.910E-02
  2.166880E+00 2.577E-02
  2.261230E+00 2.283E-02
  2.359220E+00 2.022E-02
  2.464087E+00 1.801E-02
  2.573170E+00 1.592E-02
  2.686619E+00 1.407E-02
  2.804596E+00 1.243E-02
    3    1    1    5
     64     64
  1.131400E-01    0.0100
  8.485496E-02 3.217E+01
  8.834690E-02 2.943E+01
  9.661138E-02 2.452E+01
  1.048760E-01 2.072E+01
  1.131000E-01 1.772E+01
  1.194880E-01 1.580E+01
  1.262190E-01 1.409E+01
  1.333100E-01 1.257E+01
  1.407780E-01 1.121E+01
  1.486430E-01 9.989E+00
  1.569220E-01 8.904E+00
  1.656360E-01 7.936E+00
  1.748050E-01 7.072E+00
  1.844500E-01 6.301E+00
  1.945930E-01 5.614E+00
  2.052580E-01 5.001E+00
  2.164670E-01 4.454E+00
  2.282470E-01 3.967E+00
  2.406220E-01 3.532E+00
  2.536200E-01 3.145E+00
  2.672680E-01 2.800E+00
  2.815950E-01 2.492E+00
  2.966300E-01 2.218E+00
  3.124040E-01 1.974E+00
  3.289500E-01 1.756E+00
  3.462990E-01 1.562E+00
  3.644870E-01 1.390E+00
  3.835490E-01 1.236E+00
  4.035220E-01 1.099E+00
  4.244420E-01 9.776E-01
  4.463500E-01 8.691E-01
  4.692860E-01 7.726E-01
  4.932920E-01 6.867E-01
  5.184100E-01 6.103E-01
  5.446860E-01 5.424E-01
  5.721650E-01 4.819E-01
  6.008950E-01 4.281E-01
  6.309250E-01 3.803E-01
  6.623060E-01 3.377E-01
  6.950890E-01 2.999E-01
  7.293290E-01 2.663E-01
  7.650810E-01 2.365E-01
  8.024020E-01 2.099E-01
  8.413520E-01 1.863E-01
  8.819900E-01 1.654E-01
  9.243790E-01 1.467E-01
  9.685830E-01 1.302E-01
  1.014670E+00 1.155E-01
  1.062710E+00 1.025E-01
  1.112760E+00 9.088E-02
  1.164910E+00 8.060E-02
  1.219230E+00 7.147E-02
  1.275780E+00 6.337E-02
  1.334660E+00 5.618E-02
  1.395940E+00 4.980E-02
  1.459710E+00 4.414E-02
  1.526040E+00 3.912E-02
  1.595040E+00 3.467E-02
  1.666780E+00 3.072E-02
  1.741350E+00 2.721E-02
  1.818870E+00 2.411E-02
  1.899420E+00 2.135E-02
  1.983090E+00 1.891E-02
  2.070000E+00 1.675E-02
    3    1    1    6
     63     63
  8.290881E-02    0.0100
  6.218161E-02 4.011E+01
  6.637990E-02 3.463E+01
  7.464439E-02 2.721E+01
  8.286881E-02 2.192E+01
  8.751070E-02 1.956E+01
  9.240669E-02 1.745E+01
  9.756988E-02 1.557E+01
  1.030140E-01 1.389E+01
  1.087520E-01 1.239E+01
  1.148010E-01 1.105E+01
  1.211740E-01 9.857E+00
  1.278890E-01 8.790E+00
  1.349610E-01 7.838E+00
  1.424090E-01 6.988E+00
  1.502500E-01 6.229E+00
  1.585040E-01 5.552E+00
  1.671890E-01 4.948E+00
  1.763270E-01 4.410E+00
  1.859400E-01 3.929E+00
  1.960480E-01 3.501E+00
  2.066760E-01 3.118E+00
  2.178470E-01 2.778E+00
  2.295860E-01 2.474E+00
  2.419180E-01 2.203E+00
  2.548710E-01 1.961E+00
  2.684730E-01 1.746E+00
  2.827520E-01 1.554E+00
  2.977370E-01 1.383E+00
  3.134610E-01 1.231E+00
  3.299550E-01 1.095E+00
  3.472520E-01 9.747E-01
  3.653870E-01 8.671E-01
  3.843950E-01 7.712E-01
  4.043130E-01 6.859E-01
  4.251790E-01 6.099E-01
  4.470330E-01 5.423E-01
  4.699150E-01 4.821E-01
  4.938670E-01 4.286E-01
  5.189330E-01 3.809E-01
  5.451570E-01 3.385E-01
  5.725860E-01 3.008E-01
  6.012680E-01 2.672E-01
  6.312510E-01 2.374E-01
  6.625870E-01 2.109E-01
  6.953290E-01 1.873E-01
  7.295300E-01 1.663E-01
  7.652450E-01 1.476E-01
  8.025340E-01 1.311E-01
  8.414530E-01 1.164E-01
  8.820660E-01 1.033E-01
  9.244330E-01 9.165E-02
  9.686210E-01 8.132E-02
  1.014700E+00 7.215E-02
  1.062720E+00 6.400E-02
  1.112780E+00 5.677E-02
  1.164930E+00 5.035E-02
  1.219250E+00 4.465E-02
  1.275820E+00 3.959E-02
  1.334720E+00 3.510E-02
  1.396030E+00 3.112E-02
  1.459830E+00 2.758E-02
  1.526200E+00 2.444E-02
  1.595240E+00 2.166E-02
    3    1    1    7
     63     63
  6.335402E-02    0.0100
  4.751551E-02 4.813E+01
  5.508950E-02 3.527E+01
  6.331402E-02 2.642E+01
  6.682861E-02 2.358E+01
  7.053751E-02 2.105E+01
  7.445091E-02 1.879E+01
  7.857960E-02 1.677E+01
  8.293468E-02 1.496E+01
  8.752787E-02 1.335E+01
  9.237152E-02 1.191E+01
  9.747839E-02 1.063E+01
  1.028620E-01 9.479E+00
  1.085360E-01 8.455E+00
  1.145150E-01 7.541E+00
  1.208150E-01 6.725E+00
  1.274500E-01 5.997E+00
  1.344390E-01 5.347E+00
  1.417980E-01 4.767E+00
  1.495450E-01 4.249E+00
  1.576990E-01 3.788E+00
  1.662790E-01 3.376E+00
  1.753060E-01 3.008E+00
  1.848010E-01 2.680E+00
  1.947860E-01 2.388E+00
  2.052830E-01 2.127E+00
  2.163170E-01 1.895E+00
  2.279120E-01 1.688E+00
  2.400940E-01 1.503E+00
  2.528900E-01 1.338E+00
  2.663260E-01 1.191E+00
  2.804320E-01 1.061E+00
  2.952380E-01 9.440E-01
  3.107730E-01 8.401E-01
  3.270710E-01 7.476E-01
  3.441630E-01 6.652E-01
  3.620850E-01 5.917E-01
  3.808720E-01 5.264E-01
  4.005600E-01 4.682E-01
  4.211870E-01 4.163E-01
  4.427930E-01 3.702E-01
  4.654180E-01 3.291E-01
  4.891030E-01 2.926E-01
  5.138930E-01 2.601E-01
  5.398320E-01 2.311E-01
  5.669660E-01 2.054E-01
  5.953420E-01 1.825E-01
  6.250100E-01 1.621E-01
  6.560210E-01 1.440E-01
  6.884260E-01 1.279E-01
  7.222810E-01 1.136E-01
  7.576390E-01 1.009E-01
  7.945600E-01 8.955E-02
  8.331010E-01 7.949E-02
  8.733240E-01 7.056E-02
  9.152900E-01 6.262E-02
  9.590660E-01 5.557E-02
  1.004720E+00 4.930E-02
  1.052310E+00 4.374E-02
  1.101920E+00 3.880E-02
  1.153610E+00 3.442E-02
  1.207460E+00 3.052E-02
  1.263550E+00 2.706E-02
  1.321950E+00 2.400E-02
    3    1    1    8
     63     63
  4.998200E-02    0.0100
  3.748650E-02 5.889E+01
  4.171750E-02 4.543E+01
  4.994200E-02 3.121E+01
  5.268950E-02 2.786E+01
  5.558970E-02 2.488E+01
  5.865080E-02 2.221E+01
  6.188120E-02 1.982E+01
  6.529009E-02 1.769E+01
  6.888688E-02 1.579E+01
  7.268149E-02 1.409E+01
  7.668418E-02 1.258E+01
  8.090591E-02 1.122E+01
  8.535802E-02 1.001E+01
  9.005231E-02 8.934E+00
  9.500128E-02 7.970E+00
  1.002180E-01 7.110E+00
  1.057160E-01 6.342E+00
  1.115090E-01 5.656E+00
  1.176120E-01 5.044E+00
  1.240410E-01 4.498E+00
  1.308120E-01 4.011E+00
  1.379420E-01 3.576E+00
  1.454470E-01 3.187E+00
  1.533470E-01 2.841E+00
  1.616610E-01 2.532E+00
  1.704070E-01 2.257E+00
  1.796070E-01 2.011E+00
  1.892830E-01 1.792E+00
  1.994560E-01 1.596E+00
  2.101500E-01 1.422E+00
  2.213890E-01 1.266E+00
  2.331980E-01 1.128E+00
  2.456020E-01 1.004E+00
  2.586300E-01 8.941E-01
  2.723080E-01 7.960E-01
  2.866660E-01 7.085E-01
  3.017350E-01 6.306E-01
  3.175440E-01 5.612E-01
  3.341280E-01 4.994E-01
  3.515190E-01 4.443E-01
  3.697510E-01 3.953E-01
  3.888610E-01 3.516E-01
  4.088870E-01 3.127E-01
  4.298660E-01 2.781E-01
  4.518380E-01 2.472E-01
  4.748450E-01 2.198E-01
  4.989280E-01 1.954E-01
  5.241330E-01 1.737E-01
  5.505030E-01 1.543E-01
  5.780870E-01 1.371E-01
  6.069320E-01 1.219E-01
  6.370890E-01 1.082E-01
  6.686080E-01 9.615E-02
  7.015430E-01 8.540E-02
  7.359480E-01 7.584E-02
  7.718810E-01 6.734E-02
  8.093990E-01 5.978E-02
  8.485620E-01 5.307E-02
  8.894310E-01 4.710E-02
  9.320710E-01 4.180E-02
  9.765470E-01 3.710E-02
  1.022930E+00 3.291E-02
  1.071280E+00 2.920E-02
    3    1    1    9
     63     63
  4.043650E-02    0.0100
  3.032737E-02 6.960E+01
  3.217210E-02 5.848E+01
  4.039650E-02 3.630E+01
  4.259880E-02 3.241E+01
  4.492370E-02 2.894E+01
  4.737790E-02 2.584E+01
  4.996830E-02 2.307E+01
  5.270240E-02 2.059E+01
  5.558780E-02 1.838E+01
  5.863280E-02 1.641E+01
  6.184570E-02 1.465E+01
  6.523550E-02 1.307E+01
  6.881160E-02 1.167E+01
  7.258379E-02 1.041E+01
  7.656240E-02 9.291E+00
  8.075809E-02 8.290E+00
  8.518207E-02 7.396E+00
  8.984631E-02 6.599E+00
  9.476298E-02 5.887E+00
  9.994501E-02 5.251E+00
  1.054060E-01 4.683E+00
  1.111600E-01 4.177E+00
  1.172210E-01 3.725E+00
  1.236050E-01 3.321E+00
  1.303280E-01 2.961E+00
  1.374060E-01 2.640E+00
  1.448580E-01 2.354E+00
  1.527010E-01 2.098E+00
  1.609530E-01 1.870E+00
  1.696360E-01 1.666E+00
  1.787680E-01 1.485E+00
  1.883720E-01 1.323E+00
  1.984690E-01 1.178E+00
  2.090830E-01 1.050E+00
  2.202380E-01 9.350E-01
  2.319580E-01 8.327E-01
  2.442700E-01 7.415E-01
  2.571990E-01 6.602E-01
  2.707750E-01 5.877E-01
  2.850260E-01 5.232E-01
  2.999820E-01 4.656E-01
  3.156740E-01 4.144E-01
  3.321340E-01 3.687E-01
  3.493950E-01 3.281E-01
  3.674930E-01 2.919E-01
  3.864630E-01 2.596E-01
  4.063420E-01 2.309E-01
  4.271680E-01 2.053E-01
  4.489820E-01 1.826E-01
  4.718230E-01 1.623E-01
  4.957350E-01 1.443E-01
  5.207600E-01 1.283E-01
  5.469460E-01 1.140E-01
  5.743370E-01 1.013E-01
  6.029820E-01 9.000E-02
  6.329320E-01 7.996E-02
  6.642370E-01 7.103E-02
  6.969510E-01 6.309E-02
  7.311270E-01 5.602E-02
  7.668230E-01 4.975E-02
  8.040960E-01 4.417E-02
  8.430070E-01 3.921E-02
  8.836160E-01 3.480E-02
    0    0    0    0
