    3    3    P
    2    0    0    1
      9     79
  3.959025E-01    0.0000
  3.959025E-01 1.498E+00
  4.051242E-01 1.532E+00
  4.145607E-01 1.562E+00
  4.242171E-01 1.587E+00
  4.340984E-01 1.609E+00
  4.442099E-01 1.625E+00
  4.545568E-01 1.639E+00
  4.651448E-01 1.649E+00
  4.759794E-01 1.656E+00
  4.870664E-01 1.939E+00
  8.736110E-01 1.344E+00
  1.354710E+00 8.120E-01
  1.835820E+00 5.213E-01
  2.316920E+00 3.550E-01
  2.798020E+00 2.537E-01
  3.279120E+00 1.883E-01
  3.760230E+00 1.441E-01
  4.241330E+00 1.131E-01
  4.722430E+00 9.068E-02
  4.722520E+00 2.442E+00
  4.737240E+00 2.429E+00
  4.751950E+00 2.417E+00
  4.766660E+00 2.405E+00
  4.781370E+00 2.393E+00
  4.796080E+00 2.381E+00
  4.810800E+00 2.369E+00
  4.825510E+00 2.357E+00
  4.840220E+00 2.345E+00
  4.854930E+00 2.333E+00
  4.854990E+00 3.139E+00
  5.207080E+00 2.779E+00
  5.584710E+00 2.437E+00
  5.989720E+00 2.120E+00
  6.424110E+00 1.832E+00
  6.890000E+00 1.574E+00
  7.389670E+00 1.347E+00
  7.925590E+00 1.149E+00
  8.500360E+00 9.767E-01
  9.116830E+00 8.279E-01
  9.778000E+00 7.000E-01
  1.048710E+01 5.905E-01
  1.124770E+01 4.970E-01
  1.206340E+01 4.175E-01
  1.293820E+01 3.499E-01
  1.387650E+01 2.927E-01
  1.488290E+01 2.443E-01
  1.596220E+01 2.036E-01
  1.711980E+01 1.693E-01
  1.836140E+01 1.406E-01
  1.969300E+01 1.165E-01
  2.112120E+01 9.634E-02
  2.265290E+01 7.956E-02
  2.429580E+01 6.561E-02
  2.605770E+01 5.402E-02
  2.794750E+01 4.441E-02
  2.997430E+01 3.646E-02
  3.214810E+01 2.990E-02
  3.447950E+01 2.448E-02
  3.698000E+01 2.002E-02
  3.966190E+01 1.636E-02
  4.253830E+01 1.334E-02
  4.562320E+01 1.087E-02
  4.893190E+01 8.850E-03
  5.248060E+01 7.195E-03
  5.628650E+01 5.842E-03
  6.036860E+01 4.738E-03
  6.474660E+01 3.839E-03
  6.944220E+01 3.106E-03
  7.447820E+01 2.511E-03
  7.987950E+01 2.027E-03
  8.567260E+01 1.635E-03
  9.188570E+01 1.317E-03
  9.854940E+01 1.061E-03
  1.056960E+02 8.529E-04
  1.133620E+02 6.852E-04
  1.215830E+02 5.501E-04
  1.304000E+02 4.412E-04
  1.398570E+02 3.536E-04
  1.500000E+02 2.831E-04
    2    0    0    2
    251    251
  1.484473E-01    0.0000
  1.484473E-01 1.377E+00
  1.519051E-01 1.407E+00
  1.554434E-01 1.433E+00
  1.590641E-01 1.456E+00
  1.627692E-01 1.476E+00
  1.665606E-01 1.494E+00
  1.704403E-01 1.507E+00
  1.744103E-01 1.518E+00
  1.784729E-01 1.526E+00
  1.826301E-01 1.532E+00
  1.868840E-01 1.535E+00
  1.912372E-01 1.535E+00
  1.956916E-01 1.533E+00
  2.002499E-01 1.530E+00
  2.049143E-01 1.525E+00
  2.096874E-01 1.517E+00
  2.145717E-01 1.508E+00
  2.195696E-01 1.497E+00
  2.246841E-01 1.485E+00
  2.299176E-01 1.471E+00
  2.352731E-01 1.456E+00
  2.407534E-01 1.440E+00
  2.463612E-01 1.423E+00
  2.520997E-01 1.404E+00
  2.579718E-01 1.385E+00
  2.639807E-01 1.365E+00
  2.701297E-01 1.344E+00
  2.764218E-01 1.323E+00
  2.828605E-01 1.301E+00
  2.894492E-01 1.278E+00
  2.961913E-01 1.256E+00
  3.030905E-01 1.232E+00
  3.101504E-01 1.208E+00
  3.173747E-01 1.185E+00
  3.247673E-01 1.161E+00
  3.323321E-01 1.136E+00
  3.400731E-01 1.112E+00
  3.479944E-01 1.088E+00
  3.561003E-01 1.063E+00
  3.643949E-01 1.039E+00
  3.728827E-01 1.014E+00
  3.815683E-01 9.907E-01
  3.904562E-01 9.667E-01
  3.995510E-01 9.428E-01
  4.088578E-01 9.191E-01
  4.183813E-01 8.957E-01
  4.281267E-01 8.724E-01
  4.380990E-01 8.495E-01
  4.483036E-01 8.268E-01
  4.587460E-01 8.044E-01
  4.694316E-01 7.823E-01
  4.803661E-01 7.605E-01
  4.915552E-01 7.393E-01
  5.030050E-01 7.180E-01
  5.147215E-01 6.973E-01
  5.267109E-01 6.769E-01
  5.389795E-01 6.569E-01
  5.515340E-01 6.373E-01
  5.643809E-01 6.180E-01
  5.775270E-01 5.992E-01
  5.909793E-01 5.807E-01
  6.047450E-01 5.627E-01
  6.188313E-01 5.450E-01
  6.332458E-01 5.277E-01
  6.479959E-01 5.109E-01
  6.630897E-01 4.943E-01
  6.785350E-01 4.782E-01
  6.943402E-01 4.625E-01
  7.105134E-01 4.472E-01
  7.270634E-01 4.322E-01
  7.439989E-01 4.177E-01
  7.613289E-01 4.035E-01
  7.790625E-01 3.897E-01
  7.972092E-01 3.762E-01
  8.157786E-01 3.632E-01
  8.347805E-01 3.504E-01
  8.542250E-01 3.381E-01
  8.741225E-01 3.261E-01
  8.944834E-01 3.144E-01
  9.153186E-01 3.031E-01
  9.366391E-01 2.917E-01
  9.584562E-01 2.814E-01
  9.807816E-01 2.710E-01
  1.003627E+00 2.610E-01
  1.027004E+00 2.513E-01
  1.050926E+00 2.418E-01
  1.075405E+00 2.327E-01
  1.100455E+00 2.238E-01
  1.126088E+00 2.153E-01
  1.152318E+00 2.175E-01
  1.179159E+00 2.084E-01
  1.206625E+00 1.996E-01
  1.234731E+00 1.911E-01
  1.263492E+00 1.830E-01
  1.292922E+00 1.752E-01
  1.323038E+00 1.677E-01
  1.353855E+00 1.605E-01
  1.385391E+00 1.536E-01
  1.417661E+00 1.470E-01
  1.450683E+00 1.407E-01
  1.484473E+00 1.346E-01
  1.519051E+00 1.287E-01
  1.554434E+00 1.231E-01
  1.590641E+00 1.177E-01
  1.627692E+00 1.126E-01
  1.665606E+00 1.076E-01
  1.704403E+00 1.029E-01
  1.744103E+00 9.833E-02
  1.784729E+00 9.397E-02
  1.826301E+00 8.980E-02
  1.868841E+00 8.579E-02
  1.912372E+00 8.195E-02
  1.956917E+00 7.828E-02
  2.002499E+00 7.476E-02
  2.049143E+00 7.139E-02
  2.096874E+00 6.816E-02
  2.145717E+00 6.506E-02
  2.195697E+00 6.211E-02
  2.246840E+00 5.927E-02
  2.299176E+00 5.656E-02
  2.352731E+00 5.397E-02
  2.407534E+00 5.148E-02
  2.463612E+00 4.911E-02
  2.520997E+00 4.684E-02
  2.579719E+00 4.466E-02
  2.639808E+00 4.259E-02
  2.701297E+00 4.060E-02
  2.764218E+00 3.870E-02
  2.828605E+00 3.688E-02
  2.894491E+00 3.515E-02
  2.961913E+00 3.349E-02
  3.030905E+00 3.191E-02
  3.101503E+00 3.039E-02
  3.173747E+00 2.895E-02
  3.247673E+00 2.757E-02
  3.323321E+00 2.625E-02
  3.400731E+00 2.499E-02
  3.479944E+00 2.379E-02
  3.561003E+00 2.264E-02
  3.643949E+00 2.155E-02
  3.728827E+00 2.051E-02
  3.815683E+00 1.951E-02
  3.904562E+00 1.856E-02
  3.995511E+00 1.765E-02
  4.088578E+00 1.679E-02
  4.183813E+00 1.596E-02
  4.281267E+00 1.518E-02
  4.380990E+00 1.443E-02
  4.483037E+00 1.371E-02
  4.587460E+00 1.303E-02
  4.694316E+00 1.238E-02
  4.803660E+00 1.177E-02
  4.915552E+00 1.118E-02
  5.030050E+00 1.062E-02
  5.147215E+00 1.008E-02
  5.267109E+00 9.574E-03
  5.389795E+00 9.090E-03
  5.515340E+00 8.629E-03
  5.643808E+00 8.191E-03
  5.775270E+00 7.773E-03
  5.909793E+00 7.376E-03
  6.047450E+00 6.998E-03
  6.188313E+00 6.639E-03
  6.332458E+00 6.297E-03
  6.479959E+00 5.972E-03
  6.630898E+00 5.662E-03
  6.785351E+00 5.368E-03
  6.943401E+00 5.089E-03
  7.105134E+00 4.823E-03
  7.270634E+00 4.571E-03
  7.439989E+00 4.331E-03
  7.613289E+00 4.103E-03
  7.790625E+00 3.887E-03
  7.972092E+00 3.681E-03
  8.157785E+00 3.486E-03
  8.347805E+00 3.300E-03
  8.542251E+00 3.124E-03
  8.741225E+00 2.957E-03
  8.944834E+00 2.799E-03
  9.153186E+00 2.648E-03
  9.366391E+00 2.505E-03
  9.584562E+00 2.370E-03
  9.807816E+00 2.242E-03
  1.003627E+01 2.120E-03
  1.027004E+01 2.004E-03
  1.050926E+01 1.895E-03
  1.075406E+01 1.791E-03
  1.100455E+01 1.692E-03
  1.126088E+01 1.599E-03
  1.152318E+01 1.511E-03
  1.179159E+01 1.427E-03
  1.206625E+01 1.348E-03
  1.234731E+01 1.272E-03
  1.263491E+01 1.201E-03
  1.292922E+01 1.134E-03
  1.323038E+01 1.070E-03
  1.353855E+01 1.010E-03
  1.385391E+01 9.528E-04
  1.417661E+01 8.988E-04
  1.450682E+01 8.477E-04
  1.484473E+01 7.993E-04
  1.519051E+01 7.536E-04
  1.554434E+01 7.104E-04
  1.590641E+01 6.695E-04
  1.627692E+01 6.309E-04
  1.665607E+01 5.944E-04
  1.704404E+01 5.599E-04
  1.744104E+01 5.274E-04
  1.784729E+01 4.966E-04
  1.826300E+01 4.675E-04
  1.868840E+01 4.401E-04
  1.912372E+01 4.142E-04
  1.956917E+01 3.898E-04
  2.002499E+01 3.667E-04
  2.049142E+01 3.449E-04
  2.096873E+01 3.244E-04
  2.145717E+01 3.051E-04
  2.195697E+01 2.868E-04
  2.246841E+01 2.696E-04
  2.299176E+01 2.534E-04
  2.352731E+01 2.381E-04
  2.407533E+01 2.237E-04
  2.463612E+01 2.101E-04
  2.520996E+01 1.973E-04
  2.579718E+01 1.853E-04
  2.639807E+01 1.739E-04
  2.701297E+01 1.633E-04
  2.764218E+01 1.532E-04
  2.828606E+01 1.438E-04
  2.894492E+01 1.349E-04
  2.961913E+01 1.265E-04
  3.030905E+01 1.187E-04
  3.101503E+01 1.113E-04
  3.173747E+01 1.043E-04
  3.247673E+01 9.780E-05
  3.323322E+01 9.166E-05
  3.400731E+01 8.589E-05
  3.479944E+01 8.047E-05
  3.561003E+01 7.538E-05
  3.643948E+01 7.060E-05
  3.728827E+01 6.612E-05
  3.815683E+01 6.191E-05
  3.904562E+01 5.795E-05
  3.995511E+01 5.425E-05
  4.088577E+01 5.077E-05
  4.183813E+01 4.750E-05
  4.281267E+01 4.444E-05
  4.380991E+01 4.157E-05
  4.483037E+01 3.888E-05
  4.587460E+01 3.636E-05
  4.694316E+01 3.400E-05
    2    0    0    3
    251    251
  7.728118E-02    0.0000
  7.728118E-02 1.279E+00
  7.908130E-02 1.307E+00
  8.092338E-02 1.331E+00
  8.280832E-02 1.353E+00
  8.473718E-02 1.371E+00
  8.671093E-02 1.387E+00
  8.873069E-02 1.400E+00
  9.079748E-02 1.411E+00
  9.291244E-02 1.419E+00
  9.507668E-02 1.426E+00
  9.729129E-02 1.429E+00
  9.955746E-02 1.431E+00
  1.018764E-01 1.430E+00
  1.042495E-01 1.428E+00
  1.066778E-01 1.424E+00
  1.091626E-01 1.419E+00
  1.117053E-01 1.411E+00
  1.143073E-01 1.403E+00
  1.169698E-01 1.392E+00
  1.196944E-01 1.381E+00
  1.224825E-01 1.368E+00
  1.253355E-01 1.355E+00
  1.282549E-01 1.341E+00
  1.312423E-01 1.325E+00
  1.342993E-01 1.309E+00
  1.374276E-01 1.291E+00
  1.406287E-01 1.274E+00
  1.439043E-01 1.257E+00
  1.472563E-01 1.236E+00
  1.506863E-01 1.217E+00
  1.541963E-01 1.197E+00
  1.577880E-01 1.177E+00
  1.614633E-01 1.156E+00
  1.652243E-01 1.136E+00
  1.690729E-01 1.115E+00
  1.730111E-01 1.093E+00
  1.770410E-01 1.072E+00
  1.811648E-01 1.051E+00
  1.853847E-01 1.029E+00
  1.897029E-01 1.008E+00
  1.941216E-01 9.863E-01
  1.986433E-01 9.649E-01
  2.032703E-01 9.436E-01
  2.080051E-01 9.227E-01
  2.128501E-01 9.013E-01
  2.178080E-01 8.803E-01
  2.228814E-01 8.596E-01
  2.280730E-01 8.390E-01
  2.333855E-01 8.186E-01
  2.388217E-01 7.984E-01
  2.443846E-01 7.785E-01
  2.500771E-01 7.589E-01
  2.559021E-01 7.395E-01
  2.618628E-01 7.204E-01
  2.679624E-01 7.034E-01
  2.742041E-01 6.828E-01
  2.805911E-01 6.645E-01
  2.871269E-01 6.468E-01
  2.938150E-01 6.291E-01
  3.006588E-01 6.117E-01
  3.076620E-01 5.947E-01
  3.148284E-01 5.779E-01
  3.221617E-01 5.615E-01
  3.296658E-01 5.455E-01
  3.373447E-01 5.297E-01
  3.452024E-01 5.143E-01
  3.532432E-01 4.992E-01
  3.614714E-01 4.844E-01
  3.698911E-01 4.700E-01
  3.785070E-01 4.559E-01
  3.873235E-01 4.421E-01
  3.963454E-01 4.285E-01
  4.055775E-01 4.154E-01
  4.150246E-01 4.025E-01
  4.246918E-01 3.899E-01
  4.345841E-01 3.777E-01
  4.447069E-01 3.657E-01
  4.550655E-01 3.541E-01
  4.656653E-01 3.427E-01
  4.765120E-01 3.316E-01
  4.876114E-01 3.208E-01
  4.989694E-01 3.104E-01
  5.105919E-01 3.001E-01
  5.224851E-01 2.902E-01
  5.346553E-01 2.805E-01
  5.471090E-01 2.711E-01
  5.598528E-01 2.620E-01
  5.728935E-01 2.531E-01
  5.862378E-01 2.445E-01
  5.998931E-01 2.361E-01
  6.138664E-01 2.280E-01
  6.281652E-01 2.201E-01
  6.427971E-01 2.124E-01
  6.577697E-01 2.050E-01
  6.730911E-01 1.978E-01
  6.887695E-01 1.907E-01
  7.048129E-01 1.839E-01
  7.212301E-01 1.773E-01
  7.380298E-01 1.709E-01
  7.552207E-01 1.647E-01
  7.728120E-01 1.587E-01
  7.908131E-01 1.529E-01
  8.092335E-01 1.472E-01
  8.280830E-01 1.418E-01
  8.473715E-01 1.365E-01
  8.671094E-01 1.314E-01
  8.873069E-01 1.265E-01
  9.079750E-01 1.217E-01
  9.291244E-01 1.170E-01
  9.507665E-01 1.126E-01
  9.729127E-01 1.083E-01
  9.955748E-01 1.041E-01
  1.018764E+00 1.000E-01
  1.042495E+00 9.615E-02
  1.066777E+00 9.239E-02
  1.091626E+00 9.381E-02
  1.117053E+00 8.978E-02
  1.143073E+00 8.592E-02
  1.169699E+00 8.221E-02
  1.196944E+00 7.865E-02
  1.224825E+00 7.524E-02
  1.253354E+00 7.198E-02
  1.282549E+00 6.884E-02
  1.312423E+00 6.584E-02
  1.342994E+00 6.296E-02
  1.374276E+00 6.020E-02
  1.406286E+00 5.756E-02
  1.439043E+00 5.502E-02
  1.472563E+00 5.260E-02
  1.506864E+00 5.027E-02
  1.541963E+00 4.804E-02
  1.577880E+00 4.591E-02
  1.614634E+00 4.386E-02
  1.652243E+00 4.191E-02
  1.690728E+00 4.003E-02
  1.730110E+00 3.824E-02
  1.770411E+00 3.652E-02
  1.811648E+00 3.487E-02
  1.853847E+00 3.330E-02
  1.897029E+00 3.179E-02
  1.941216E+00 3.035E-02
  1.986433E+00 2.896E-02
  2.032702E+00 2.764E-02
  2.080050E+00 2.638E-02
  2.128501E+00 2.517E-02
  2.178081E+00 2.401E-02
  2.228814E+00 2.291E-02
  2.280730E+00 2.185E-02
  2.333855E+00 2.084E-02
  2.388218E+00 1.987E-02
  2.443846E+00 1.895E-02
  2.500771E+00 1.806E-02
  2.559021E+00 1.722E-02
  2.618629E+00 1.641E-02
  2.679625E+00 1.564E-02
  2.742041E+00 1.490E-02
  2.805911E+00 1.420E-02
  2.871269E+00 1.353E-02
  2.938149E+00 1.289E-02
  3.006588E+00 1.227E-02
  3.076620E+00 1.169E-02
  3.148284E+00 1.113E-02
  3.221617E+00 1.060E-02
  3.296658E+00 1.009E-02
  3.373446E+00 9.601E-03
  3.452024E+00 9.138E-03
  3.532433E+00 8.695E-03
  3.614714E+00 8.274E-03
  3.698911E+00 7.871E-03
  3.785069E+00 7.487E-03
  3.873236E+00 7.121E-03
  3.963454E+00 6.772E-03
  4.055776E+00 6.439E-03
  4.150247E+00 6.122E-03
  4.246918E+00 5.820E-03
  4.345841E+00 5.532E-03
  4.447069E+00 5.257E-03
  4.550654E+00 4.996E-03
  4.656653E+00 4.746E-03
  4.765121E+00 4.509E-03
  4.876114E+00 4.283E-03
  4.989694E+00 4.068E-03
  5.105919E+00 3.863E-03
  5.224851E+00 3.668E-03
  5.346553E+00 3.482E-03
  5.471090E+00 3.305E-03
  5.598528E+00 3.137E-03
  5.728934E+00 2.977E-03
  5.862379E+00 2.825E-03
  5.998931E+00 2.680E-03
  6.138664E+00 2.542E-03
  6.281652E+00 2.411E-03
  6.427971E+00 2.286E-03
  6.577697E+00 2.168E-03
  6.730911E+00 2.055E-03
  6.887694E+00 1.948E-03
  7.048129E+00 1.847E-03
  7.212301E+00 1.750E-03
  7.380298E+00 1.658E-03
  7.552207E+00 1.571E-03
  7.728120E+00 1.488E-03
  7.908132E+00 1.409E-03
  8.092336E+00 1.335E-03
  8.280830E+00 1.264E-03
  8.473716E+00 1.196E-03
  8.671094E+00 1.132E-03
  8.873070E+00 1.072E-03
  9.079750E+00 1.014E-03
  9.291245E+00 9.593E-04
  9.507665E+00 9.075E-04
  9.729127E+00 8.583E-04
  9.955748E+00 8.117E-04
  1.018765E+01 7.674E-04
  1.042495E+01 7.255E-04
  1.066778E+01 6.858E-04
  1.091626E+01 6.481E-04
  1.117053E+01 6.124E-04
  1.143073E+01 5.786E-04
  1.169698E+01 5.465E-04
  1.196944E+01 5.162E-04
  1.224825E+01 4.874E-04
  1.253354E+01 4.602E-04
  1.282549E+01 4.344E-04
  1.312423E+01 4.100E-04
  1.342993E+01 3.870E-04
  1.374276E+01 3.651E-04
  1.406287E+01 3.444E-04
  1.439043E+01 3.249E-04
  1.472563E+01 3.064E-04
  1.506863E+01 2.889E-04
  1.541963E+01 2.723E-04
  1.577880E+01 2.567E-04
  1.614633E+01 2.419E-04
  1.652243E+01 2.279E-04
  1.690729E+01 2.147E-04
  1.730110E+01 2.022E-04
  1.770410E+01 1.904E-04
  1.811649E+01 1.793E-04
  1.853847E+01 1.688E-04
  1.897029E+01 1.589E-04
  1.941216E+01 1.495E-04
  1.986433E+01 1.407E-04
  2.032703E+01 1.323E-04
  2.080051E+01 1.245E-04
  2.128500E+01 1.171E-04
  2.178081E+01 1.101E-04
  2.228815E+01 1.035E-04
  2.280730E+01 9.725E-05
  2.333855E+01 9.139E-05
  2.388217E+01 8.587E-05
  2.443846E+01 8.066E-05
    2    0    0    4
    251    251
  4.730200E-02    0.0000
  4.730200E-02 1.186E+00
  4.840381E-02 1.213E+00
  4.953128E-02 1.237E+00
  5.068501E-02 1.258E+00
  5.186561E-02 1.276E+00
  5.307372E-02 1.292E+00
  5.430997E-02 1.305E+00
  5.557501E-02 1.316E+00
  5.686952E-02 1.325E+00
  5.819418E-02 1.331E+00
  5.954969E-02 1.336E+00
  6.093679E-02 1.338E+00
  6.235619E-02 1.339E+00
  6.380862E-02 1.338E+00
  6.529492E-02 1.335E+00
  6.681585E-02 1.331E+00
  6.837219E-02 1.325E+00
  6.996477E-02 1.317E+00
  7.159448E-02 1.309E+00
  7.326216E-02 1.299E+00
  7.496864E-02 1.289E+00
  7.671487E-02 1.277E+00
  7.850176E-02 1.264E+00
  8.033031E-02 1.250E+00
  8.220148E-02 1.236E+00
  8.411616E-02 1.220E+00
  8.607548E-02 1.205E+00
  8.808047E-02 1.188E+00
  9.013212E-02 1.171E+00
  9.223157E-02 1.154E+00
  9.437990E-02 1.137E+00
  9.657830E-02 1.118E+00
  9.882790E-02 1.099E+00
  1.011299E-01 1.080E+00
  1.034855E-01 1.061E+00
  1.058960E-01 1.048E+00
  1.083626E-01 1.023E+00
  1.108867E-01 9.997E-01
  1.134696E-01 9.837E-01
  1.161126E-01 9.643E-01
  1.188173E-01 9.448E-01
  1.215849E-01 9.252E-01
  1.244169E-01 9.057E-01
  1.273150E-01 8.863E-01
  1.302806E-01 8.669E-01
  1.333151E-01 8.476E-01
  1.364205E-01 8.289E-01
  1.395981E-01 8.099E-01
  1.428497E-01 7.912E-01
  1.461772E-01 7.726E-01
  1.495821E-01 7.544E-01
  1.530663E-01 7.362E-01
  1.566316E-01 7.183E-01
  1.602800E-01 7.007E-01
  1.640135E-01 6.832E-01
  1.678339E-01 6.661E-01
  1.717432E-01 6.491E-01
  1.757436E-01 6.325E-01
  1.798372E-01 6.124E-01
  1.840261E-01 5.999E-01
  1.883126E-01 5.841E-01
  1.926990E-01 5.685E-01
  1.971875E-01 5.533E-01
  2.017807E-01 5.388E-01
  2.064807E-01 5.234E-01
  2.112903E-01 5.090E-01
  2.162119E-01 4.949E-01
  2.212481E-01 4.810E-01
  2.264016E-01 4.675E-01
  2.316752E-01 4.542E-01
  2.370716E-01 4.412E-01
  2.425937E-01 4.285E-01
  2.482445E-01 4.160E-01
  2.540268E-01 4.038E-01
  2.599438E-01 3.920E-01
  2.659987E-01 3.804E-01
  2.721946E-01 3.691E-01
  2.785348E-01 3.581E-01
  2.850227E-01 3.473E-01
  2.916618E-01 3.368E-01
  2.984555E-01 3.265E-01
  3.054074E-01 3.165E-01
  3.125212E-01 3.068E-01
  3.198008E-01 2.972E-01
  3.272499E-01 2.880E-01
  3.348725E-01 2.790E-01
  3.426727E-01 2.702E-01
  3.506546E-01 2.616E-01
  3.588224E-01 2.532E-01
  3.671805E-01 2.451E-01
  3.757332E-01 2.372E-01
  3.844851E-01 2.295E-01
  3.934409E-01 2.220E-01
  4.026054E-01 2.148E-01
  4.119833E-01 2.078E-01
  4.215795E-01 2.008E-01
  4.313994E-01 1.942E-01
  4.414480E-01 1.877E-01
  4.517306E-01 1.814E-01
  4.622528E-01 1.754E-01
  4.730200E-01 1.694E-01
  4.840381E-01 1.636E-01
  4.953128E-01 1.580E-01
  5.068501E-01 1.526E-01
  5.186561E-01 1.474E-01
  5.307372E-01 1.423E-01
  5.430996E-01 1.373E-01
  5.557501E-01 1.325E-01
  5.686952E-01 1.278E-01
  5.819418E-01 1.233E-01
  5.954970E-01 1.189E-01
  6.093678E-01 1.147E-01
  6.235619E-01 1.106E-01
  6.380865E-01 1.066E-01
  6.529494E-01 1.027E-01
  6.681586E-01 9.902E-02
  6.837220E-01 9.541E-02
  6.996479E-01 9.192E-02
  7.159448E-01 8.854E-02
  7.326213E-01 8.526E-02
  7.496862E-01 8.196E-02
  7.671487E-01 7.906E-02
  7.850178E-01 7.610E-02
  8.033033E-01 7.323E-02
  8.220146E-01 7.045E-02
  8.411618E-01 6.776E-02
  8.607550E-01 6.508E-02
  8.808045E-01 6.270E-02
  9.013211E-01 6.028E-02
  9.223156E-01 5.795E-02
  9.437991E-01 5.568E-02
  9.657829E-01 5.370E-02
  9.882789E-01 5.145E-02
  1.011299E+00 4.942E-02
  1.034855E+00 4.744E-02
  1.058960E+00 4.837E-02
  1.083627E+00 4.627E-02
  1.108868E+00 4.426E-02
  1.134696E+00 4.234E-02
  1.161126E+00 4.049E-02
  1.188172E+00 3.873E-02
  1.215849E+00 3.703E-02
  1.244169E+00 3.541E-02
  1.273149E+00 3.386E-02
  1.302805E+00 3.237E-02
  1.333152E+00 3.094E-02
  1.364204E+00 2.957E-02
  1.395981E+00 2.827E-02
  1.428497E+00 2.701E-02
  1.461772E+00 2.581E-02
  1.495821E+00 2.466E-02
  1.530663E+00 2.356E-02
  1.566317E+00 2.251E-02
  1.602800E+00 2.150E-02
  1.640135E+00 2.054E-02
  1.678338E+00 1.961E-02
  1.717432E+00 1.873E-02
  1.757436E+00 1.788E-02
  1.798372E+00 1.707E-02
  1.840261E+00 1.630E-02
  1.883126E+00 1.556E-02
  1.926991E+00 1.485E-02
  1.971876E+00 1.417E-02
  2.017807E+00 1.352E-02
  2.064807E+00 1.290E-02
  2.112903E+00 1.230E-02
  2.162119E+00 1.174E-02
  2.212481E+00 1.119E-02
  2.264016E+00 1.068E-02
  2.316752E+00 1.018E-02
  2.370716E+00 9.706E-03
  2.425937E+00 9.254E-03
  2.482445E+00 8.821E-03
  2.540268E+00 8.407E-03
  2.599439E+00 8.012E-03
  2.659987E+00 7.635E-03
  2.721946E+00 7.274E-03
  2.785349E+00 6.930E-03
  2.850227E+00 6.601E-03
  2.916618E+00 6.288E-03
  2.984554E+00 5.988E-03
  3.054074E+00 5.702E-03
  3.125213E+00 5.429E-03
  3.198008E+00 5.168E-03
  3.272499E+00 4.919E-03
  3.348725E+00 4.682E-03
  3.426727E+00 4.456E-03
  3.506546E+00 4.240E-03
  3.588224E+00 4.034E-03
  3.671804E+00 3.837E-03
  3.757332E+00 3.650E-03
  3.844851E+00 3.471E-03
  3.934409E+00 3.301E-03
  4.026053E+00 3.139E-03
  4.119832E+00 2.984E-03
  4.215796E+00 2.836E-03
  4.313994E+00 2.696E-03
  4.414480E+00 2.562E-03
  4.517306E+00 2.434E-03
  4.622528E+00 2.313E-03
  4.730201E+00 2.197E-03
  4.840381E+00 2.087E-03
  4.953128E+00 1.982E-03
  5.068501E+00 1.882E-03
  5.186562E+00 1.787E-03
  5.307372E+00 1.697E-03
  5.430997E+00 1.611E-03
  5.557501E+00 1.529E-03
  5.686952E+00 1.451E-03
  5.819418E+00 1.376E-03
  5.954969E+00 1.306E-03
  6.093678E+00 1.239E-03
  6.235619E+00 1.175E-03
  6.380865E+00 1.114E-03
  6.529494E+00 1.056E-03
  6.681585E+00 1.002E-03
  6.837220E+00 9.494E-04
  6.996479E+00 8.998E-04
  7.159448E+00 8.527E-04
  7.326213E+00 8.080E-04
  7.496862E+00 7.655E-04
  7.671487E+00 7.251E-04
  7.850179E+00 6.868E-04
  8.033032E+00 6.504E-04
  8.220146E+00 6.158E-04
  8.411618E+00 5.830E-04
  8.607550E+00 5.518E-04
  8.808045E+00 5.223E-04
  9.013211E+00 4.942E-04
  9.223156E+00 4.676E-04
  9.437990E+00 4.424E-04
  9.657829E+00 4.184E-04
  9.882790E+00 3.957E-04
  1.011299E+01 3.741E-04
  1.034855E+01 3.537E-04
  1.058960E+01 3.344E-04
  1.083626E+01 3.160E-04
  1.108867E+01 2.986E-04
  1.134696E+01 2.821E-04
  1.161127E+01 2.665E-04
  1.188173E+01 2.517E-04
  1.215849E+01 2.377E-04
  1.244169E+01 2.245E-04
  1.273150E+01 2.119E-04
  1.302805E+01 2.000E-04
  1.333152E+01 1.888E-04
  1.364205E+01 1.781E-04
  1.395981E+01 1.680E-04
  1.428498E+01 1.585E-04
  1.461772E+01 1.495E-04
  1.495821E+01 1.409E-04
    2    0    0    5
    251    251
  3.190739E-02    0.0000
  3.190739E-02 1.096E+00
  3.265061E-02 1.122E+00
  3.341114E-02 1.146E+00
  3.418938E-02 1.167E+00
  3.498576E-02 1.186E+00
  3.580068E-02 1.202E+00
  3.663459E-02 1.216E+00
  3.748792E-02 1.228E+00
  3.836112E-02 1.237E+00
  3.925467E-02 1.245E+00
  4.016903E-02 1.250E+00
  4.110468E-02 1.253E+00
  4.206213E-02 1.255E+00
  4.304188E-02 1.255E+00
  4.404446E-02 1.254E+00
  4.507039E-02 1.251E+00
  4.612021E-02 1.246E+00
  4.719449E-02 1.241E+00
  4.829379E-02 1.234E+00
  4.941870E-02 1.225E+00
  5.056981E-02 1.216E+00
  5.174773E-02 1.206E+00
  5.295309E-02 1.194E+00
  5.418652E-02 1.182E+00
  5.544869E-02 1.169E+00
  5.674026E-02 1.156E+00
  5.806191E-02 1.142E+00
  5.941434E-02 1.127E+00
  6.079828E-02 1.112E+00
  6.221445E-02 1.097E+00
  6.366360E-02 1.067E+00
  6.514651E-02 1.060E+00
  6.666398E-02 1.057E+00
  6.821680E-02 1.029E+00
  6.980574E-02 1.011E+00
  7.143176E-02 9.935E-01
  7.309562E-02 9.754E-01
  7.479823E-02 9.579E-01
  7.654053E-02 9.394E-01
  7.832336E-02 9.219E-01
  8.014774E-02 9.015E-01
  8.201462E-02 8.854E-01
  8.392501E-02 8.676E-01
  8.587986E-02 8.495E-01
  8.788025E-02 8.315E-01
  8.992726E-02 8.137E-01
  9.202194E-02 7.959E-01
  9.416538E-02 7.782E-01
  9.635878E-02 7.607E-01
  9.860325E-02 7.433E-01
  1.009001E-01 7.266E-01
  1.032503E-01 7.095E-01
  1.056553E-01 6.928E-01
  1.081163E-01 6.762E-01
  1.106347E-01 6.600E-01
  1.132117E-01 6.438E-01
  1.158487E-01 6.278E-01
  1.185472E-01 6.123E-01
  1.213085E-01 5.969E-01
  1.241342E-01 5.818E-01
  1.270256E-01 5.669E-01
  1.299844E-01 5.522E-01
  1.330121E-01 5.379E-01
  1.361104E-01 5.237E-01
  1.392808E-01 5.099E-01
  1.425251E-01 4.963E-01
  1.458449E-01 4.830E-01
  1.492421E-01 4.699E-01
  1.527184E-01 4.570E-01
  1.562756E-01 4.446E-01
  1.599157E-01 4.323E-01
  1.636407E-01 4.203E-01
  1.674524E-01 4.085E-01
  1.713529E-01 3.970E-01
  1.753442E-01 3.858E-01
  1.794285E-01 3.748E-01
  1.836079E-01 3.640E-01
  1.878846E-01 3.535E-01
  1.922610E-01 3.433E-01
  1.967394E-01 3.333E-01
  2.013220E-01 3.235E-01
  2.060114E-01 3.140E-01
  2.108101E-01 3.046E-01
  2.157204E-01 2.955E-01
  2.207452E-01 2.867E-01
  2.258870E-01 2.781E-01
  2.311486E-01 2.696E-01
  2.365327E-01 2.615E-01
  2.420423E-01 2.536E-01
  2.476802E-01 2.457E-01
  2.534494E-01 2.381E-01
  2.593530E-01 2.307E-01
  2.653941E-01 2.236E-01
  2.715759E-01 2.166E-01
  2.779018E-01 2.098E-01
  2.843749E-01 2.031E-01
  2.909989E-01 1.967E-01
  2.977771E-01 1.904E-01
  3.047132E-01 1.844E-01
  3.118109E-01 1.784E-01
  3.190739E-01 1.726E-01
  3.265061E-01 1.671E-01
  3.341114E-01 1.616E-01
  3.418939E-01 1.562E-01
  3.498576E-01 1.513E-01
  3.580068E-01 1.462E-01
  3.663459E-01 1.414E-01
  3.748792E-01 1.364E-01
  3.836112E-01 1.322E-01
  3.925467E-01 1.277E-01
  4.016902E-01 1.234E-01
  4.110468E-01 1.193E-01
  4.206213E-01 1.149E-01
  4.304188E-01 1.114E-01
  4.404446E-01 1.075E-01
  4.507039E-01 1.038E-01
  4.612021E-01 1.002E-01
  4.719449E-01 9.674E-02
  4.829379E-01 9.338E-02
  4.941870E-01 9.012E-02
  5.056981E-01 8.696E-02
  5.174773E-01 8.390E-02
  5.295309E-01 8.094E-02
  5.418652E-01 7.807E-02
  5.544869E-01 7.529E-02
  5.674025E-01 7.259E-02
  5.806191E-01 6.999E-02
  5.941435E-01 6.746E-02
  6.079828E-01 6.502E-02
  6.221445E-01 6.266E-02
  6.366361E-01 6.038E-02
  6.514653E-01 5.817E-02
  6.666399E-01 5.604E-02
  6.821679E-01 5.399E-02
  6.980577E-01 5.203E-02
  7.143175E-01 5.304E-02
  7.309561E-01 4.815E-02
  7.479823E-01 4.634E-02
  7.654050E-01 4.460E-02
  7.832336E-01 4.292E-02
  8.014774E-01 4.131E-02
  8.201463E-01 4.123E-02
  8.392499E-01 3.818E-02
  8.587986E-01 3.671E-02
  8.788025E-01 3.530E-02
  8.992724E-01 3.397E-02
  9.202192E-01 3.260E-02
  9.416538E-01 3.133E-02
  9.635878E-01 3.010E-02
  9.860327E-01 2.895E-02
  1.009000E+00 2.776E-02
  1.032503E+00 2.837E-02
  1.056553E+00 2.713E-02
  1.081163E+00 2.595E-02
  1.106347E+00 2.482E-02
  1.132117E+00 2.373E-02
  1.158487E+00 2.269E-02
  1.185472E+00 2.170E-02
  1.213085E+00 2.075E-02
  1.241342E+00 1.983E-02
  1.270256E+00 1.896E-02
  1.299844E+00 1.812E-02
  1.330121E+00 1.732E-02
  1.361104E+00 1.655E-02
  1.392808E+00 1.582E-02
  1.425251E+00 1.511E-02
  1.458449E+00 1.444E-02
  1.492421E+00 1.379E-02
  1.527184E+00 1.318E-02
  1.562757E+00 1.259E-02
  1.599157E+00 1.202E-02
  1.636407E+00 1.148E-02
  1.674523E+00 1.096E-02
  1.713529E+00 1.047E-02
  1.753442E+00 9.991E-03
  1.794285E+00 9.538E-03
  1.836079E+00 9.104E-03
  1.878846E+00 8.688E-03
  1.922610E+00 8.291E-03
  1.967394E+00 7.911E-03
  2.013220E+00 7.548E-03
  2.060114E+00 7.201E-03
  2.108101E+00 6.869E-03
  2.157205E+00 6.552E-03
  2.207452E+00 6.248E-03
  2.258870E+00 5.958E-03
  2.311486E+00 5.681E-03
  2.365328E+00 5.416E-03
  2.420424E+00 5.163E-03
  2.476802E+00 4.921E-03
  2.534494E+00 4.690E-03
  2.593530E+00 4.469E-03
  2.653941E+00 4.258E-03
  2.715759E+00 4.057E-03
  2.779017E+00 3.865E-03
  2.843749E+00 3.681E-03
  2.909988E+00 3.506E-03
  2.977771E+00 3.339E-03
  3.047132E+00 3.179E-03
  3.118109E+00 3.027E-03
  3.190739E+00 2.881E-03
  3.265061E+00 2.742E-03
  3.341114E+00 2.610E-03
  3.418939E+00 2.484E-03
  3.498576E+00 2.363E-03
  3.580069E+00 2.248E-03
  3.663459E+00 2.139E-03
  3.748792E+00 2.034E-03
  3.836112E+00 1.935E-03
  3.925467E+00 1.840E-03
  4.016903E+00 1.749E-03
  4.110468E+00 1.663E-03
  4.206213E+00 1.581E-03
  4.304189E+00 1.502E-03
  4.404446E+00 1.428E-03
  4.507039E+00 1.356E-03
  4.612021E+00 1.289E-03
  4.719449E+00 1.224E-03
  4.829379E+00 1.163E-03
  4.941870E+00 1.104E-03
  5.056981E+00 1.049E-03
  5.174773E+00 9.957E-04
  5.295309E+00 9.453E-04
  5.418653E+00 8.972E-04
  5.544869E+00 8.516E-04
  5.674026E+00 8.081E-04
  5.806190E+00 7.668E-04
  5.941434E+00 7.274E-04
  6.079828E+00 6.900E-04
  6.221445E+00 6.545E-04
  6.366362E+00 6.206E-04
  6.514653E+00 5.885E-04
  6.666399E+00 5.579E-04
  6.821679E+00 5.289E-04
  6.980577E+00 5.013E-04
  7.143175E+00 4.750E-04
  7.309561E+00 4.501E-04
  7.479822E+00 4.264E-04
  7.654050E+00 4.039E-04
  7.832335E+00 3.826E-04
  8.014774E+00 3.623E-04
  8.201463E+00 3.431E-04
  8.392499E+00 3.248E-04
  8.587985E+00 3.074E-04
  8.788025E+00 2.910E-04
  8.992724E+00 2.753E-04
  9.202192E+00 2.605E-04
  9.416538E+00 2.464E-04
  9.635878E+00 2.331E-04
  9.860327E+00 2.204E-04
  1.009000E+01 2.084E-04
    2    0    0    6
    251    251
  2.296733E-02    0.0000
  2.296733E-02 1.008E+00
  2.350231E-02 1.035E+00
  2.404974E-02 1.059E+00
  2.460993E-02 1.081E+00
  2.518317E-02 1.101E+00
  2.576976E-02 1.118E+00
  2.637002E-02 1.132E+00
  2.698426E-02 1.145E+00
  2.761280E-02 1.156E+00
  2.825598E-02 1.164E+00
  2.891415E-02 1.171E+00
  2.958765E-02 1.176E+00
  3.027683E-02 1.179E+00
  3.098207E-02 1.180E+00
  3.170374E-02 1.180E+00
  3.244221E-02 1.178E+00
  3.319789E-02 1.174E+00
  3.397116E-02 1.170E+00
  3.476246E-02 1.164E+00
  3.557218E-02 1.157E+00
  3.640076E-02 1.149E+00
  3.724864E-02 1.140E+00
  3.811628E-02 1.130E+00
  3.900412E-02 1.119E+00
  3.991264E-02 1.108E+00
  4.084232E-02 1.095E+00
  4.179366E-02 1.083E+00
  4.276716E-02 1.070E+00
  4.376334E-02 1.056E+00
  4.478272E-02 1.041E+00
  4.582584E-02 1.027E+00
  4.689326E-02 1.012E+00
  4.798555E-02 9.967E-01
  4.910327E-02 9.811E-01
  5.024704E-02 9.663E-01
  5.141744E-02 9.494E-01
  5.261511E-02 9.326E-01
  5.384067E-02 9.169E-01
  5.509478E-02 8.792E-01
  5.637810E-02 8.830E-01
  5.769132E-02 8.705E-01
  5.903512E-02 8.486E-01
  6.041022E-02 8.318E-01
  6.181736E-02 8.150E-01
  6.325728E-02 7.980E-01
  6.473070E-02 7.808E-01
  6.623852E-02 7.641E-01
  6.778139E-02 7.475E-01
  6.936020E-02 7.310E-01
  7.097584E-02 7.148E-01
  7.262903E-02 6.988E-01
  7.432079E-02 6.829E-01
  7.605195E-02 6.677E-01
  7.782346E-02 6.520E-01
  7.963616E-02 6.364E-01
  8.149117E-02 6.218E-01
  8.338934E-02 6.066E-01
  8.533174E-02 5.912E-01
  8.731931E-02 5.729E-01
  8.935326E-02 5.630E-01
  9.143460E-02 5.482E-01
  9.356433E-02 5.351E-01
  9.574378E-02 5.210E-01
  9.797388E-02 5.077E-01
  1.002560E-01 4.946E-01
  1.025913E-01 4.815E-01
  1.049809E-01 4.692E-01
  1.074263E-01 4.567E-01
  1.099285E-01 4.437E-01
  1.124891E-01 4.326E-01
  1.151093E-01 4.209E-01
  1.177905E-01 4.095E-01
  1.205342E-01 3.980E-01
  1.233419E-01 3.872E-01
  1.262149E-01 3.766E-01
  1.291547E-01 3.663E-01
  1.321632E-01 3.556E-01
  1.352416E-01 3.458E-01
  1.383919E-01 3.360E-01
  1.416154E-01 3.265E-01
  1.449140E-01 3.171E-01
  1.482895E-01 3.082E-01
  1.517437E-01 2.994E-01
  1.552782E-01 2.907E-01
  1.588951E-01 2.822E-01
  1.625962E-01 2.739E-01
  1.663836E-01 2.656E-01
  1.702591E-01 2.578E-01
  1.742250E-01 2.501E-01
  1.782832E-01 2.426E-01
  1.824360E-01 2.352E-01
  1.866854E-01 2.303E-01
  1.910339E-01 2.214E-01
  1.954836E-01 2.146E-01
  2.000371E-01 2.080E-01
  2.046965E-01 2.022E-01
  2.094645E-01 1.955E-01
  2.143435E-01 1.894E-01
  2.193363E-01 1.839E-01
  2.244453E-01 1.779E-01
  2.296733E-01 1.715E-01
  2.350230E-01 1.669E-01
  2.404974E-01 1.615E-01
  2.460994E-01 1.566E-01
  2.518317E-01 1.514E-01
  2.576976E-01 1.468E-01
  2.637002E-01 1.418E-01
  2.698426E-01 1.375E-01
  2.761280E-01 1.343E-01
  2.825599E-01 1.287E-01
  2.891415E-01 1.246E-01
  2.958765E-01 1.203E-01
  3.027683E-01 1.166E-01
  3.098207E-01 1.128E-01
  3.170373E-01 1.089E-01
  3.244221E-01 1.054E-01
  3.319789E-01 1.020E-01
  3.397117E-01 9.975E-02
  3.476245E-01 9.521E-02
  3.557218E-01 9.207E-02
  3.640076E-01 8.899E-02
  3.724864E-01 8.621E-02
  3.811628E-01 8.281E-02
  3.900412E-01 8.019E-02
  3.991264E-01 7.748E-02
  4.084232E-01 7.485E-02
  4.179366E-01 7.228E-02
  4.276716E-01 6.979E-02
  4.376334E-01 6.755E-02
  4.478272E-01 6.901E-02
  4.582584E-01 6.259E-02
  4.689326E-01 6.049E-02
  4.798555E-01 5.838E-02
  4.910327E-01 5.634E-02
  5.024704E-01 5.435E-02
  5.141744E-01 5.242E-02
  5.261511E-01 5.056E-02
  5.384067E-01 4.875E-02
  5.509478E-01 4.699E-02
  5.637810E-01 4.529E-02
  5.769132E-01 4.365E-02
  5.903512E-01 4.205E-02
  6.041023E-01 4.041E-02
  6.181736E-01 3.911E-02
  6.325727E-01 3.763E-02
  6.473072E-01 3.625E-02
  6.623849E-01 3.490E-02
  6.778139E-01 3.360E-02
  6.936022E-01 3.235E-02
  7.097582E-01 3.114E-02
  7.262906E-01 2.998E-02
  7.432081E-01 2.884E-02
  7.605197E-01 2.775E-02
  7.782344E-01 2.669E-02
  7.963619E-01 2.567E-02
  8.149115E-01 2.470E-02
  8.338932E-01 2.367E-02
  8.533171E-01 2.282E-02
  8.731934E-01 2.194E-02
  8.935327E-01 2.109E-02
  9.143457E-01 2.056E-02
  9.356436E-01 1.946E-02
  9.574375E-01 1.869E-02
  9.797391E-01 1.797E-02
  1.002561E+00 1.724E-02
  1.025913E+00 1.763E-02
  1.049809E+00 1.686E-02
  1.074263E+00 1.612E-02
  1.099285E+00 1.542E-02
  1.124891E+00 1.474E-02
  1.151093E+00 1.409E-02
  1.177905E+00 1.347E-02
  1.205342E+00 1.288E-02
  1.233418E+00 1.231E-02
  1.262149E+00 1.177E-02
  1.291548E+00 1.125E-02
  1.321631E+00 1.075E-02
  1.352416E+00 1.027E-02
  1.383918E+00 9.815E-03
  1.416154E+00 9.378E-03
  1.449141E+00 8.959E-03
  1.482895E+00 8.558E-03
  1.517436E+00 8.174E-03
  1.552782E+00 7.807E-03
  1.588951E+00 7.456E-03
  1.625962E+00 7.120E-03
  1.663836E+00 6.798E-03
  1.702592E+00 6.490E-03
  1.742249E+00 6.196E-03
  1.782832E+00 5.914E-03
  1.824360E+00 5.645E-03
  1.866855E+00 5.387E-03
  1.910339E+00 5.140E-03
  1.954837E+00 4.905E-03
  2.000371E+00 4.679E-03
  2.046966E+00 4.464E-03
  2.094646E+00 4.258E-03
  2.143435E+00 4.061E-03
  2.193362E+00 3.873E-03
  2.244452E+00 3.693E-03
  2.296733E+00 3.521E-03
  2.350230E+00 3.357E-03
  2.404974E+00 3.200E-03
  2.460994E+00 3.050E-03
  2.518317E+00 2.907E-03
  2.576977E+00 2.770E-03
  2.637002E+00 2.639E-03
  2.698425E+00 2.514E-03
  2.761280E+00 2.395E-03
  2.825599E+00 2.281E-03
  2.891415E+00 2.173E-03
  2.958765E+00 2.069E-03
  3.027683E+00 1.970E-03
  3.098207E+00 1.876E-03
  3.170374E+00 1.785E-03
  3.244221E+00 1.699E-03
  3.319789E+00 1.617E-03
  3.397117E+00 1.539E-03
  3.476246E+00 1.464E-03
  3.557218E+00 1.393E-03
  3.640076E+00 1.325E-03
  3.724864E+00 1.261E-03
  3.811627E+00 1.199E-03
  3.900412E+00 1.140E-03
  3.991264E+00 1.084E-03
  4.084232E+00 1.030E-03
  4.179366E+00 9.795E-04
  4.276716E+00 9.310E-04
  4.376334E+00 8.847E-04
  4.478271E+00 8.407E-04
  4.582584E+00 7.987E-04
  4.689326E+00 7.588E-04
  4.798554E+00 7.207E-04
  4.910327E+00 6.845E-04
  5.024704E+00 6.500E-04
  5.141744E+00 6.171E-04
  5.261511E+00 5.859E-04
  5.384067E+00 5.561E-04
  5.509478E+00 5.278E-04
  5.637810E+00 5.009E-04
  5.769132E+00 4.753E-04
  5.903512E+00 4.509E-04
  6.041022E+00 4.277E-04
  6.181736E+00 4.057E-04
  6.325727E+00 3.848E-04
  6.473072E+00 3.648E-04
  6.623849E+00 3.459E-04
  6.778138E+00 3.279E-04
  6.936022E+00 3.108E-04
  7.097583E+00 2.945E-04
  7.262906E+00 2.791E-04
    2    0    0    7
    251    251
  1.731926E-02    0.0000
  1.731926E-02 9.235E-01
  1.772268E-02 9.505E-01
  1.813550E-02 9.751E-01
  1.855792E-02 9.974E-01
  1.899020E-02 1.015E+00
  1.943253E-02 1.032E+00
  1.988517E-02 1.047E+00
  2.034836E-02 1.061E+00
  2.082234E-02 1.072E+00
  2.130735E-02 1.081E+00
  2.180366E-02 1.088E+00
  2.231153E-02 1.094E+00
  2.283124E-02 1.097E+00
  2.336304E-02 1.100E+00
  2.390724E-02 1.103E+00
  2.446411E-02 1.103E+00
  2.503395E-02 1.102E+00
  2.561707E-02 1.100E+00
  2.621377E-02 1.096E+00
  2.682436E-02 1.090E+00
  2.744918E-02 1.085E+00
  2.808855E-02 1.079E+00
  2.874282E-02 1.072E+00
  2.941233E-02 1.063E+00
  3.009743E-02 1.054E+00
  3.079849E-02 1.046E+00
  3.151588E-02 1.035E+00
  3.224998E-02 1.023E+00
  3.300118E-02 1.015E+00
  3.376987E-02 9.996E-01
  3.455647E-02 9.845E-01
  3.536140E-02 9.738E-01
  3.618507E-02 9.564E-01
  3.702793E-02 9.446E-01
  3.789042E-02 9.258E-01
  3.877300E-02 9.119E-01
  3.967614E-02 8.935E-01
  4.060032E-02 8.778E-01
  4.154602E-02 8.615E-01
  4.251375E-02 8.444E-01
  4.350402E-02 8.275E-01
  4.451736E-02 8.096E-01
  4.555431E-02 7.889E-01
  4.661540E-02 7.432E-01
  4.770121E-02 7.626E-01
  4.881231E-02 7.462E-01
  4.994930E-02 7.300E-01
  5.111277E-02 7.142E-01
  5.230334E-02 6.990E-01
  5.352164E-02 6.846E-01
  5.476832E-02 6.708E-01
  5.604404E-02 6.572E-01
  5.734947E-02 6.435E-01
  5.868531E-02 6.296E-01
  6.005227E-02 6.153E-01
  6.145107E-02 5.928E-01
  6.288242E-02 5.036E+00
  6.434715E-02 5.779E-01
  6.584603E-02 5.604E-01
  6.737977E-02 5.403E-01
  6.894922E-02 1.050E+00
  7.055527E-02 5.191E-01
  7.219869E-02 5.037E-01
  7.388043E-02 4.915E-01
  7.560134E-02 4.788E-01
  7.736230E-02 4.709E-01
  7.916433E-02 4.535E-01
  8.100826E-02 4.468E-01
  8.289522E-02 4.301E-01
  8.482611E-02 4.252E-01
  8.680195E-02 4.096E-01
  8.882380E-02 3.953E-01
  9.089279E-02 3.876E-01
  9.300995E-02 3.770E-01
  9.517646E-02 3.734E-01
  9.739339E-02 3.557E-01
  9.966195E-02 3.463E-01
  1.019834E-01 3.385E-01
  1.043589E-01 3.195E-01
  1.067897E-01 3.180E-01
  1.092772E-01 3.095E-01
  1.118225E-01 3.010E-01
  1.144273E-01 2.926E-01
  1.170926E-01 2.837E-01
  1.198201E-01 2.720E-01
  1.226110E-01 2.687E-01
  1.254670E-01 2.607E-01
  1.283895E-01 2.530E-01
  1.313800E-01 2.456E-01
  1.344403E-01 2.384E-01
  1.375718E-01 2.314E-01
  1.407763E-01 2.245E-01
  1.440554E-01 2.179E-01
  1.474109E-01 2.114E-01
  1.508445E-01 2.051E-01
  1.543581E-01 1.990E-01
  1.579536E-01 1.931E-01
  1.616328E-01 1.874E-01
  1.653977E-01 1.843E-01
  1.692503E-01 1.754E-01
  1.731926E-01 1.706E-01
  1.772268E-01 1.654E-01
  1.813549E-01 1.607E-01
  1.855792E-01 1.549E-01
  1.899019E-01 1.505E-01
  1.943253E-01 1.460E-01
  1.988518E-01 1.409E-01
  2.034836E-01 1.369E-01
  2.082233E-01 1.331E-01
  2.130735E-01 1.284E-01
  2.180366E-01 1.244E-01
  2.231153E-01 1.204E-01
  2.283124E-01 1.166E-01
  2.336304E-01 1.128E-01
  2.390724E-01 1.092E-01
  2.446411E-01 1.057E-01
  2.503395E-01 1.023E-01
  2.561707E-01 9.896E-02
  2.621377E-01 9.593E-02
  2.682436E-01 9.263E-02
  2.744918E-01 8.959E-02
  2.808856E-01 8.667E-02
  2.874282E-01 8.380E-02
  2.941233E-01 8.098E-02
  3.009743E-01 7.836E-02
  3.079849E-01 7.575E-02
  3.151588E-01 7.322E-02
  3.224998E-01 7.076E-02
  3.300118E-01 6.839E-02
  3.376987E-01 6.609E-02
  3.455647E-01 6.385E-02
  3.536140E-01 6.216E-02
  3.618507E-01 5.957E-02
  3.702793E-01 5.755E-02
  3.789042E-01 5.559E-02
  3.877300E-01 5.368E-02
  3.967614E-01 5.183E-02
  4.060032E-01 5.019E-02
  4.154602E-01 4.816E-02
  4.251375E-01 4.658E-02
  4.350402E-01 4.497E-02
  4.451736E-01 4.341E-02
  4.555430E-01 4.188E-02
  4.661540E-01 4.041E-02
  4.770121E-01 3.898E-02
  4.881232E-01 3.759E-02
  4.994930E-01 3.625E-02
  5.111277E-01 3.496E-02
  5.230334E-01 3.371E-02
  5.352164E-01 3.249E-02
  5.476832E-01 3.131E-02
  5.604404E-01 3.017E-02
  5.734947E-01 2.907E-02
  5.868531E-01 2.801E-02
  6.005227E-01 2.698E-02
  6.145107E-01 2.595E-02
  6.288245E-01 2.516E-02
  6.434717E-01 2.412E-02
  6.584600E-01 2.322E-02
  6.737975E-01 2.235E-02
  6.894923E-01 2.152E-02
  7.055526E-01 2.071E-02
  7.219871E-01 1.992E-02
  7.388043E-01 1.922E-02
  7.560133E-01 1.844E-02
  7.736231E-01 1.774E-02
  7.916431E-01 1.706E-02
  8.100828E-01 1.641E-02
  8.289521E-01 1.576E-02
  8.482608E-01 1.516E-02
  8.680194E-01 1.457E-02
  8.882381E-01 1.401E-02
  9.089279E-01 1.350E-02
  9.300995E-01 1.292E-02
  9.517643E-01 1.242E-02
  9.739338E-01 1.193E-02
  9.966196E-01 1.145E-02
  1.019834E+00 1.171E-02
  1.043589E+00 1.120E-02
  1.067897E+00 1.071E-02
  1.092772E+00 1.024E-02
  1.118225E+00 9.793E-03
  1.144273E+00 9.362E-03
  1.170926E+00 8.950E-03
  1.198200E+00 8.556E-03
  1.226110E+00 8.178E-03
  1.254670E+00 7.816E-03
  1.283895E+00 7.470E-03
  1.313801E+00 7.139E-03
  1.344403E+00 6.821E-03
  1.375718E+00 6.517E-03
  1.407763E+00 6.227E-03
  1.440554E+00 5.948E-03
  1.474109E+00 5.682E-03
  1.508445E+00 5.427E-03
  1.543581E+00 5.183E-03
  1.579535E+00 4.950E-03
  1.616327E+00 4.726E-03
  1.653976E+00 4.513E-03
  1.692503E+00 4.308E-03
  1.731926E+00 4.113E-03
  1.772268E+00 3.926E-03
  1.813550E+00 3.747E-03
  1.855792E+00 3.576E-03
  1.899019E+00 3.412E-03
  1.943254E+00 3.255E-03
  1.988518E+00 3.106E-03
  2.034836E+00 2.963E-03
  2.082233E+00 2.826E-03
  2.130734E+00 2.695E-03
  2.180367E+00 2.570E-03
  2.231153E+00 2.451E-03
  2.283124E+00 2.337E-03
  2.336305E+00 2.228E-03
  2.390724E+00 2.124E-03
  2.446411E+00 2.024E-03
  2.503395E+00 1.929E-03
  2.561707E+00 1.838E-03
  2.621377E+00 1.751E-03
  2.682436E+00 1.669E-03
  2.744918E+00 1.590E-03
  2.808856E+00 1.514E-03
  2.874282E+00 1.442E-03
  2.941233E+00 1.373E-03
  3.009743E+00 1.307E-03
  3.079849E+00 1.245E-03
  3.151587E+00 1.185E-03
  3.224998E+00 1.128E-03
  3.300117E+00 1.073E-03
  3.376987E+00 1.021E-03
  3.455647E+00 9.719E-04
  3.536139E+00 9.247E-04
  3.618507E+00 8.796E-04
  3.702793E+00 8.367E-04
  3.789042E+00 7.957E-04
  3.877300E+00 7.566E-04
  3.967614E+00 7.194E-04
  4.060032E+00 6.840E-04
  4.154602E+00 6.502E-04
  4.251375E+00 6.179E-04
  4.350402E+00 5.873E-04
  4.451736E+00 5.580E-04
  4.555430E+00 5.302E-04
  4.661540E+00 5.037E-04
  4.770122E+00 4.784E-04
  4.881231E+00 4.544E-04
  4.994930E+00 4.315E-04
  5.111277E+00 4.097E-04
  5.230334E+00 3.890E-04
  5.352164E+00 3.692E-04
  5.476832E+00 3.504E-04
    2    0    0    8
    251    251
  1.352534E-02    0.0000
  1.352534E-02 8.316E-01
  1.384039E-02 8.641E-01
  1.416278E-02 8.947E-01
  1.449267E-02 9.229E-01
  1.483025E-02 9.490E-01
  1.517569E-02 9.753E-01
  1.552917E-02 9.975E-01
  1.589089E-02 1.018E+00
  1.626104E-02 1.033E+00
  1.663981E-02 1.048E+00
  1.702740E-02 1.059E+00
  1.742402E-02 1.068E+00
  1.782988E-02 1.073E+00
  1.824519E-02 1.078E+00
  1.867017E-02 1.080E+00
  1.910506E-02 1.077E+00
  1.955007E-02 1.075E+00
  2.000545E-02 1.067E+00
  2.047144E-02 1.060E+00
  2.094828E-02 1.049E+00
  2.143623E-02 1.040E+00
  2.193554E-02 1.029E+00
  2.244648E-02 1.014E+00
  2.296933E-02 1.001E+00
  2.350435E-02 9.880E-01
  2.405184E-02 9.729E-01
  2.461208E-02 9.592E-01
  2.518537E-02 9.454E-01
  2.577201E-02 9.326E-01
  2.637232E-02 9.197E-01
  2.698661E-02 9.069E-01
  2.761521E-02 8.975E-01
  2.825845E-02 8.864E-01
  2.891668E-02 8.754E-01
  2.959023E-02 8.641E-01
  3.027948E-02 8.521E-01
  3.098477E-02 8.483E-01
  3.170650E-02 8.380E-01
  3.244504E-02 8.271E-01
  3.320079E-02 8.155E-01
  3.397413E-02 8.030E-01
  3.476549E-02 7.897E-01
  3.557528E-02 7.756E-01
  3.640394E-02 7.611E-01
  3.725189E-02 7.464E-01
  3.811960E-02 7.329E-01
  3.900752E-02 7.155E-01
  3.991612E-02 7.061E-01
  4.084589E-02 6.918E-01
  4.179731E-02 6.747E-01
  4.277090E-02 6.557E-01
  4.376716E-02 6.362E-01
  4.478662E-02 6.177E-01
  4.582984E-02 6.007E-01
  4.689735E-02 5.855E-01
  4.798973E-02 5.719E-01
  4.910756E-02 5.318E-01
  5.025142E-02 5.591E-01
  5.142193E-02 5.402E-01
  5.261970E-02 5.288E-01
  5.384536E-02 5.198E-01
  5.509958E-02 5.029E-01
  5.638302E-02 4.951E-01
  5.769635E-02 4.900E-01
  5.904027E-02 4.592E-01
  6.041550E-02 4.563E-01
  6.182275E-02 4.537E-01
  6.326276E-02 4.269E-01
  6.473637E-02 4.196E-01
  6.624424E-02 3.998E-01
  6.778729E-02 3.918E-01
  6.936628E-02 3.790E-01
  7.098204E-02 3.692E-01
  7.263541E-02 3.622E-01
  7.432729E-02 3.506E-01
  7.605863E-02 3.474E-01
  7.783026E-02 3.587E-01
  7.964313E-02 3.306E-01
  8.149827E-02 3.259E-01
  8.339661E-02 3.432E-01
  8.533913E-02 3.061E-01
  8.732694E-02 2.967E-01
  8.936107E-02 2.862E-01
  9.144253E-02 2.801E-01
  9.357250E-02 2.673E-01
  9.575212E-02 2.582E-01
  9.798247E-02 2.503E-01
  1.002648E-01 2.426E-01
  1.026002E-01 2.367E-01
  1.049901E-01 2.289E-01
  1.074356E-01 2.285E-01
  1.099381E-01 2.226E-01
  1.124989E-01 2.165E-01
  1.151193E-01 2.099E-01
  1.178008E-01 2.027E-01
  1.205447E-01 1.951E-01
  1.233526E-01 1.877E-01
  1.262259E-01 1.809E-01
  1.291661E-01 1.751E-01
  1.321747E-01 1.704E-01
  1.352534E-01 1.665E-01
  1.384039E-01 1.631E-01
  1.416277E-01 1.595E-01
  1.449267E-01 1.554E-01
  1.483024E-01 1.505E-01
  1.517569E-01 1.449E-01
  1.552917E-01 1.393E-01
  1.589090E-01 1.337E-01
  1.626104E-01 1.288E-01
  1.663981E-01 1.250E-01
  1.702740E-01 1.239E-01
  1.742402E-01 1.194E-01
  1.782988E-01 1.168E-01
  1.824519E-01 1.138E-01
  1.867017E-01 1.098E-01
  1.910506E-01 1.054E-01
  1.955007E-01 9.630E-02
  2.000545E-01 9.693E-02
  2.047144E-01 9.388E-02
  2.094828E-01 9.147E-02
  2.143623E-01 8.963E-02
  2.193554E-01 8.755E-02
  2.244648E-01 8.499E-02
  2.296933E-01 8.170E-02
  2.350435E-01 7.819E-02
  2.405184E-01 7.481E-02
  2.461208E-01 7.230E-02
  2.518537E-01 7.030E-02
  2.577201E-01 6.860E-02
  2.637232E-01 6.728E-02
  2.698661E-01 6.511E-02
  2.761521E-01 6.305E-02
  2.825845E-01 5.956E-02
  2.891667E-01 5.711E-02
  2.959023E-01 5.503E-02
  3.027948E-01 5.421E-02
  3.098477E-01 5.301E-02
  3.170650E-01 5.135E-02
  3.244504E-01 4.935E-02
  3.320078E-01 4.685E-02
  3.397413E-01 4.494E-02
  3.476549E-01 4.367E-02
  3.557528E-01 4.279E-02
  3.640394E-01 4.177E-02
  3.725189E-01 4.014E-02
  3.811960E-01 3.821E-02
  3.900752E-01 3.647E-02
  3.991612E-01 3.531E-02
  4.084589E-01 3.458E-02
  4.179731E-01 3.375E-02
  4.277089E-01 3.245E-02
  4.376715E-01 3.088E-02
  4.478663E-01 2.959E-02
  4.582984E-01 2.840E-02
  4.689735E-01 2.794E-02
  4.798973E-01 2.716E-02
  4.910756E-01 2.592E-02
  5.025142E-01 2.459E-02
  5.142193E-01 2.366E-02
  5.261970E-01 2.310E-02
  5.384536E-01 2.350E-02
  5.509959E-01 2.175E-02
  5.638302E-01 2.053E-02
  5.769635E-01 1.971E-02
  5.904027E-01 1.928E-02
  6.041549E-01 1.880E-02
  6.182275E-01 1.794E-02
  6.326279E-01 1.698E-02
  6.473637E-01 1.637E-02
  6.624427E-01 1.603E-02
  6.778730E-01 1.547E-02
  6.936627E-01 1.472E-02
  7.098202E-01 1.400E-02
  7.263540E-01 1.364E-02
  7.432730E-01 1.332E-02
  7.605860E-01 1.269E-02
  7.783023E-01 1.208E-02
  7.964313E-01 1.162E-02
  8.149826E-01 1.137E-02
  8.339660E-01 1.088E-02
  8.533915E-01 1.026E-02
  8.732696E-01 9.912E-03
  8.936107E-01 9.702E-03
  9.144255E-01 9.263E-03
  9.357252E-01 8.741E-03
  9.575211E-01 8.468E-03
  9.798246E-01 8.267E-03
  1.002647E+00 7.837E-03
  1.026002E+00 8.004E-03
  1.049901E+00 7.654E-03
  1.074356E+00 7.318E-03
  1.099381E+00 6.997E-03
  1.124990E+00 6.690E-03
  1.151194E+00 6.395E-03
  1.178008E+00 6.113E-03
  1.205447E+00 5.844E-03
  1.233526E+00 5.585E-03
  1.262259E+00 5.338E-03
  1.291660E+00 5.101E-03
  1.321747E+00 4.874E-03
  1.352534E+00 4.657E-03
  1.384039E+00 4.450E-03
  1.416278E+00 4.251E-03
  1.449266E+00 4.060E-03
  1.483025E+00 3.878E-03
  1.517569E+00 3.704E-03
  1.552917E+00 3.537E-03
  1.589089E+00 3.378E-03
  1.626104E+00 3.225E-03
  1.663980E+00 3.079E-03
  1.702740E+00 2.940E-03
  1.742402E+00 2.806E-03
  1.782988E+00 2.678E-03
  1.824519E+00 2.556E-03
  1.867018E+00 2.439E-03
  1.910505E+00 2.327E-03
  1.955008E+00 2.220E-03
  2.000546E+00 2.118E-03
  2.047144E+00 2.021E-03
  2.094828E+00 1.927E-03
  2.143622E+00 1.838E-03
  2.193554E+00 1.753E-03
  2.244649E+00 1.671E-03
  2.296933E+00 1.593E-03
  2.350435E+00 1.519E-03
  2.405184E+00 1.448E-03
  2.461208E+00 1.380E-03
  2.518537E+00 1.315E-03
  2.577201E+00 1.253E-03
  2.637232E+00 1.194E-03
  2.698661E+00 1.137E-03
  2.761521E+00 1.083E-03
  2.825845E+00 1.032E-03
  2.891667E+00 9.826E-04
  2.959023E+00 9.357E-04
  3.027947E+00 8.909E-04
  3.098477E+00 8.481E-04
  3.170650E+00 8.073E-04
  3.244504E+00 7.684E-04
  3.320078E+00 7.313E-04
  3.397413E+00 6.959E-04
  3.476549E+00 6.621E-04
  3.557528E+00 6.299E-04
  3.640393E+00 5.992E-04
  3.725189E+00 5.698E-04
  3.811960E+00 5.420E-04
  3.900752E+00 5.153E-04
  3.991612E+00 4.898E-04
  4.084589E+00 4.660E-04
  4.179731E+00 4.426E-04
  4.277089E+00 4.206E-04
    2    0    0    9
    251    251
  1.085384E-02    0.0000
  1.085384E-02 7.818E-01
  1.110666E-02 8.153E-01
  1.136537E-02 8.462E-01
  1.163010E-02 8.743E-01
  1.190100E-02 8.995E-01
  1.217821E-02 9.217E-01
  1.246187E-02 9.431E-01
  1.275215E-02 9.593E-01
  1.304919E-02 9.723E-01
  1.335314E-02 9.822E-01
  1.366417E-02 9.892E-01
  1.398245E-02 9.948E-01
  1.430815E-02 9.965E-01
  1.464143E-02 9.958E-01
  1.498247E-02 9.930E-01
  1.533145E-02 9.885E-01
  1.568857E-02 9.825E-01
  1.605400E-02 9.755E-01
  1.642795E-02 9.678E-01
  1.681061E-02 9.596E-01
  1.720218E-02 9.513E-01
  1.760286E-02 9.431E-01
  1.801289E-02 9.352E-01
  1.843246E-02 9.279E-01
  1.886181E-02 9.211E-01
  1.930116E-02 9.150E-01
  1.975074E-02 9.095E-01
  2.021079E-02 9.044E-01
  2.068156E-02 9.008E-01
  2.116330E-02 8.957E-01
  2.165626E-02 8.903E-01
  2.216069E-02 8.844E-01
  2.267688E-02 8.777E-01
  2.320509E-02 8.698E-01
  2.374561E-02 8.606E-01
  2.429872E-02 8.497E-01
  2.486471E-02 8.372E-01
  2.544388E-02 8.230E-01
  2.603655E-02 8.071E-01
  2.664302E-02 7.899E-01
  2.726361E-02 7.716E-01
  2.789866E-02 7.525E-01
  2.854851E-02 7.333E-01
  2.921348E-02 7.142E-01
  2.989395E-02 6.907E-01
  3.059027E-02 6.746E-01
  3.130281E-02 6.596E-01
  3.203195E-02 6.460E-01
  3.277807E-02 6.340E-01
  3.354157E-02 6.233E-01
  3.432285E-02 6.139E-01
  3.512233E-02 6.047E-01
  3.594044E-02 5.977E-01
  3.677760E-02 5.901E-01
  3.763426E-02 5.816E-01
  3.851087E-02 5.721E-01
  3.940791E-02 5.659E-01
  4.032584E-02 5.512E-01
  4.126514E-02 5.362E-01
  4.222633E-02 5.553E-01
  4.320991E-02 5.083E-01
  4.421640E-02 4.887E-01
  4.524633E-02 4.436E-01
  4.630025E-02 4.593E-01
  4.737872E-02 4.422E-01
  4.848231E-02 4.120E-01
  4.961161E-02 4.191E-01
  5.076722E-02 4.096E-01
  5.194974E-02 4.003E-01
  5.315980E-02 3.949E-01
  5.439805E-02 3.280E-01
  5.566515E-02 3.806E-01
  5.696175E-02 3.904E-01
  5.828856E-02 3.627E-01
  5.964628E-02 3.730E-01
  6.103562E-02 3.403E-01
  6.245732E-02 3.188E-01
  6.391215E-02 3.178E-01
  6.540084E-02 3.048E-01
  6.692421E-02 2.961E-01
  6.848311E-02 2.881E-01
  7.007825E-02 2.842E-01
  7.171059E-02 2.752E-01
  7.338095E-02 2.725E-01
  7.509023E-02 2.697E-01
  7.683927E-02 2.590E-01
  7.862914E-02 2.533E-01
  8.046061E-02 2.461E-01
  8.233476E-02 2.374E-01
  8.425260E-02 2.262E-01
  8.621508E-02 2.180E-01
  8.822334E-02 2.106E-01
  9.027827E-02 2.048E-01
  9.238112E-02 1.996E-01
  9.453297E-02 1.957E-01
  9.673494E-02 1.907E-01
  9.898818E-02 1.934E-01
  1.012939E-01 1.849E-01
  1.036534E-01 1.777E-01
  1.060678E-01 1.701E-01
  1.085384E-01 1.627E-01
  1.110666E-01 1.561E-01
  1.136537E-01 1.514E-01
  1.163010E-01 1.481E-01
  1.190100E-01 1.456E-01
  1.217821E-01 1.432E-01
  1.246188E-01 1.399E-01
  1.275215E-01 1.354E-01
  1.304919E-01 1.298E-01
  1.335314E-01 1.239E-01
  1.366417E-01 1.185E-01
  1.398245E-01 1.167E-01
  1.430815E-01 1.127E-01
  1.464143E-01 1.107E-01
  1.498247E-01 1.087E-01
  1.533145E-01 1.058E-01
  1.568857E-01 1.012E-01
  1.605400E-01 9.708E-02
  1.642795E-01 9.266E-02
  1.681061E-01 8.931E-02
  1.720217E-01 8.753E-02
  1.760287E-01 8.608E-02
  1.801289E-01 8.451E-02
  1.843246E-01 8.200E-02
  1.886181E-01 7.834E-02
  1.930116E-01 7.446E-02
  1.975074E-01 7.135E-02
  2.021079E-01 6.946E-02
  2.068156E-01 6.844E-02
  2.116330E-01 6.734E-02
  2.165626E-01 6.527E-02
  2.216069E-01 6.225E-02
  2.267689E-01 5.904E-02
  2.320510E-01 5.674E-02
  2.374561E-01 5.549E-02
  2.429872E-01 5.264E-02
  2.486471E-01 5.361E-02
  2.544388E-01 5.134E-02
  2.603654E-01 4.863E-02
  2.664301E-01 4.638E-02
  2.726361E-01 4.527E-02
  2.789866E-01 4.482E-02
  2.854850E-01 4.381E-02
  2.921348E-01 4.183E-02
  2.989395E-01 3.966E-02
  3.059027E-01 3.783E-02
  3.130281E-01 3.716E-02
  3.203195E-01 3.675E-02
  3.277807E-01 3.680E-02
  3.354157E-01 3.359E-02
  3.432285E-01 3.181E-02
  3.512233E-01 3.101E-02
  3.594044E-01 3.075E-02
  3.677760E-01 2.991E-02
  3.763426E-01 2.832E-02
  3.851087E-01 2.668E-02
  3.940790E-01 2.601E-02
  4.032583E-01 2.584E-02
  4.126514E-01 2.506E-02
  4.222633E-01 2.352E-02
  4.320991E-01 2.228E-02
  4.421639E-01 2.195E-02
  4.524633E-01 2.175E-02
  4.630025E-01 2.074E-02
  4.737872E-01 1.937E-02
  4.848232E-01 1.872E-02
  4.961162E-01 1.867E-02
  5.076722E-01 1.809E-02
  5.194974E-01 1.685E-02
  5.315980E-01 1.607E-02
  5.439805E-01 1.603E-02
  5.566515E-01 1.565E-02
  5.696175E-01 1.455E-02
  5.828856E-01 1.382E-02
  5.964628E-01 1.382E-02
  6.103562E-01 1.346E-02
  6.245732E-01 1.244E-02
  6.391214E-01 1.204E-02
  6.540084E-01 1.199E-02
  6.692423E-01 1.149E-02
  6.848309E-01 1.057E-02
  7.007827E-01 1.037E-02
  7.171060E-01 1.037E-02
  7.338095E-01 9.603E-03
  7.509022E-01 9.036E-03
  7.683929E-01 9.139E-03
  7.862911E-01 8.777E-03
  8.046061E-01 8.007E-03
  8.233479E-01 7.920E-03
  8.425261E-01 7.905E-03
  8.621510E-01 7.164E-03
  8.822331E-01 6.961E-03
  9.027830E-01 7.043E-03
  9.238115E-01 6.399E-03
  9.453298E-01 6.115E-03
  9.673494E-01 6.263E-03
  9.898818E-01 5.673E-03
  1.012939E+00 5.909E-03
  1.036533E+00 5.650E-03
  1.060678E+00 5.402E-03
  1.085383E+00 5.165E-03
  1.110665E+00 4.938E-03
  1.136537E+00 4.721E-03
  1.163010E+00 4.513E-03
  1.190100E+00 4.314E-03
  1.217821E+00 4.123E-03
  1.246187E+00 3.940E-03
  1.275215E+00 3.766E-03
  1.304918E+00 3.598E-03
  1.335314E+00 3.438E-03
  1.366417E+00 3.285E-03
  1.398245E+00 3.138E-03
  1.430815E+00 2.998E-03
  1.464143E+00 2.863E-03
  1.498247E+00 2.735E-03
  1.533146E+00 2.612E-03
  1.568857E+00 2.494E-03
  1.605400E+00 2.381E-03
  1.642795E+00 2.274E-03
  1.681061E+00 2.170E-03
  1.720218E+00 2.072E-03
  1.760286E+00 1.978E-03
  1.801289E+00 1.887E-03
  1.843246E+00 1.801E-03
  1.886181E+00 1.719E-03
  1.930116E+00 1.640E-03
  1.975074E+00 1.564E-03
  2.021079E+00 1.492E-03
  2.068156E+00 1.423E-03
  2.116330E+00 1.358E-03
  2.165626E+00 1.295E-03
  2.216069E+00 1.234E-03
  2.267688E+00 1.177E-03
  2.320510E+00 1.122E-03
  2.374561E+00 1.070E-03
  2.429872E+00 1.019E-03
  2.486471E+00 9.715E-04
  2.544388E+00 9.257E-04
  2.603655E+00 8.822E-04
  2.664302E+00 8.402E-04
  2.726361E+00 8.006E-04
  2.789866E+00 7.626E-04
  2.854851E+00 7.258E-04
  2.921349E+00 6.920E-04
  2.989395E+00 6.584E-04
  3.059028E+00 6.264E-04
  3.130281E+00 5.976E-04
  3.203195E+00 5.678E-04
  3.277807E+00 5.401E-04
  3.354156E+00 5.152E-04
  3.432285E+00 4.892E-04
    2    1    1    1
     84     86
  2.600860E-01    0.0050
  2.500860E-01 1.730E+01
  2.520860E-01 1.690E+01
  2.540860E-01 1.650E+01
  2.560860E-01 1.610E+01
  2.580860E-01 1.580E+01
  2.600860E-01 1.540E+01
  2.679350E-01 1.410E+01
  2.760030E-01 1.300E+01
  2.842950E-01 1.190E+01
  2.928170E-01 1.090E+01
  3.015750E-01 1.000E+01
  3.105760E-01 9.200E+00
  3.198250E-01 8.450E+00
  3.293300E-01 7.750E+00
  3.390960E-01 7.110E+00
  3.491310E-01 6.520E+00
  3.594420E-01 5.990E+00
  3.700360E-01 5.490E+00
  3.809210E-01 5.040E+00
  3.921030E-01 4.620E+00
  4.035910E-01 4.240E+00
  4.153930E-01 3.890E+00
  4.275160E-01 3.570E+00
  4.399700E-01 3.270E+00
  4.527630E-01 3.000E+00
  4.659030E-01 2.760E+00
  4.794010E-01 2.530E+00
  4.932640E-01 2.320E+00
  5.075020E-01 2.130E+00
  5.221260E-01 1.950E+00
  5.371450E-01 1.790E+00
  5.525700E-01 1.640E+00
  5.684100E-01 1.510E+00
  5.846770E-01 1.380E+00
  6.013820E-01 1.270E+00
  6.185360E-01 1.160E+00
  6.361510E-01 1.070E+00
  6.542380E-01 9.780E-01
  6.728100E-01 8.970E-01
  6.918800E-01 8.230E-01
  7.114590E-01 7.550E-01
  7.315620E-01 6.920E-01
  7.522020E-01 6.350E-01
  7.733930E-01 5.820E-01
  7.951480E-01 5.340E-01
  8.174830E-01 4.900E-01
  8.404120E-01 4.490E-01
  8.639510E-01 4.120E-01
  8.881150E-01 3.780E-01
  9.129200E-01 3.470E-01
  9.383840E-01 3.180E-01
  9.645220E-01 2.910E-01
  9.913520E-01 2.670E-01
  1.018890E+00 2.450E-01
  1.047160E+00 2.250E-01
  1.076180E+00 2.060E-01
  1.105960E+00 1.890E-01
  1.136520E+00 1.730E-01
  1.167900E+00 1.590E-01
  1.200100E+00 1.460E-01
  1.233140E+00 1.340E-01
  1.267060E+00 1.230E-01
  1.301870E+00 1.130E-01
  1.337590E+00 1.030E-01
  1.374250E+00 9.460E-02
  1.411880E+00 8.670E-02
  1.450490E+00 7.950E-02
  1.490110E+00 7.290E-02
  1.530770E+00 6.690E-02
  1.572500E+00 6.130E-02
  1.615310E+00 5.620E-02
  1.659250E+00 5.160E-02
  1.704330E+00 4.730E-02
  1.750600E+00 4.330E-02
  1.798070E+00 3.970E-02
  1.846780E+00 3.640E-02
  1.896760E+00 3.340E-02
  1.948040E+00 3.070E-02
  2.000660E+00 2.810E-02
  2.054650E+00 2.580E-02
  2.110050E+00 2.360E-02
  2.166890E+00 2.170E-02
  2.225210E+00 1.990E-02
  2.260090E+00 1.890E-02
  2.305747E+00 1.780E-02
  2.352325E+00 1.676E-02
    2    1    1    2
    102    102
  1.143440E-01    0.0050
  1.043440E-01 3.490E+01
  1.063440E-01 3.340E+01
  1.083440E-01 3.210E+01
  1.103440E-01 3.080E+01
  1.123440E-01 2.950E+01
  1.143440E-01 2.830E+01
  1.185800E-01 2.600E+01
  1.229490E-01 2.390E+01
  1.274530E-01 2.200E+01
  1.320970E-01 2.020E+01
  1.368840E-01 1.860E+01
  1.418190E-01 1.710E+01
  1.469050E-01 1.570E+01
  1.521460E-01 1.440E+01
  1.575460E-01 1.320E+01
  1.631110E-01 1.210E+01
  1.688440E-01 1.110E+01
  1.747500E-01 1.020E+01
  1.808340E-01 9.410E+00
  1.870990E-01 8.640E+00
  1.935520E-01 7.940E+00
  2.001970E-01 7.290E+00
  2.070400E-01 6.690E+00
  2.140850E-01 6.150E+00
  2.213370E-01 5.640E+00
  2.288040E-01 5.180E+00
  2.364890E-01 4.760E+00
  2.443990E-01 4.370E+00
  2.525400E-01 4.010E+00
  2.609180E-01 3.680E+00
  2.695390E-01 3.380E+00
  2.784090E-01 3.100E+00
  2.875350E-01 2.850E+00
  2.969240E-01 2.610E+00
  3.065830E-01 2.400E+00
  3.165180E-01 2.200E+00
  3.267360E-01 2.020E+00
  3.372460E-01 1.860E+00
  3.480540E-01 1.700E+00
  3.591690E-01 1.560E+00
  3.705970E-01 1.440E+00
  3.823480E-01 1.320E+00
  3.944300E-01 1.210E+00
  4.068510E-01 1.110E+00
  4.196190E-01 1.020E+00
  4.327440E-01 9.340E-01
  4.462350E-01 8.570E-01
  4.601010E-01 7.860E-01
  4.743520E-01 7.210E-01
  4.889970E-01 6.620E-01
  5.040460E-01 6.070E-01
  5.195100E-01 5.570E-01
  5.354000E-01 5.110E-01
  5.517250E-01 4.690E-01
  5.684980E-01 4.300E-01
  5.857290E-01 3.950E-01
  6.034290E-01 3.620E-01
  6.216110E-01 3.320E-01
  6.402870E-01 3.050E-01
  6.594690E-01 2.800E-01
  6.791700E-01 2.560E-01
  6.994020E-01 2.350E-01
  7.201800E-01 2.160E-01
  7.415160E-01 1.980E-01
  7.634250E-01 1.810E-01
  7.859210E-01 1.660E-01
  8.090170E-01 1.530E-01
  8.327310E-01 1.400E-01
  8.570760E-01 1.280E-01
  8.820680E-01 1.180E-01
  9.077240E-01 1.080E-01
  9.340590E-01 9.900E-02
  9.610910E-01 9.080E-02
  9.888360E-01 8.330E-02
  1.017310E+00 7.630E-02
  1.046540E+00 7.000E-02
  1.076530E+00 6.420E-02
  1.107310E+00 5.890E-02
  1.138900E+00 5.400E-02
  1.171310E+00 4.950E-02
  1.204560E+00 4.540E-02
  1.238680E+00 4.160E-02
  1.273690E+00 3.810E-02
  1.309610E+00 3.500E-02
  1.346460E+00 3.210E-02
  1.384270E+00 2.940E-02
  1.423050E+00 2.690E-02
  1.462830E+00 2.470E-02
  1.503640E+00 2.260E-02
  1.545500E+00 2.080E-02
  1.588430E+00 1.900E-02
  1.632460E+00 1.750E-02
  1.677620E+00 1.600E-02
  1.723940E+00 1.470E-02
  1.771440E+00 1.340E-02
  1.820150E+00 1.230E-02
  1.870100E+00 1.130E-02
  1.921320E+00 1.040E-02
  1.973850E+00 9.490E-03
  2.027700E+00 8.690E-03
  2.082920E+00 7.970E-03
  2.114340E+00 7.590E-03
    2    1    1    3
    123    123
  6.389320E-02    0.0050
  5.389320E-02 6.000E+01
  5.589320E-02 5.560E+01
  5.789320E-02 5.160E+01
  5.989320E-02 4.800E+01
  6.189320E-02 4.470E+01
  6.389320E-02 4.180E+01
  6.641209E-02 3.840E+01
  6.901717E-02 3.540E+01
  7.171100E-02 3.250E+01
  7.449621E-02 2.990E+01
  7.737547E-02 2.750E+01
  8.035171E-02 2.530E+01
  8.342773E-02 2.330E+01
  8.660620E-02 2.140E+01
  8.989048E-02 1.970E+01
  9.328347E-02 1.810E+01
  9.678829E-02 1.670E+01
  1.004080E-01 1.530E+01
  1.041470E-01 1.410E+01
  1.080070E-01 1.300E+01
  1.119930E-01 1.190E+01
  1.161080E-01 1.090E+01
  1.203550E-01 1.010E+01
  1.247390E-01 9.260E+00
  1.292630E-01 8.510E+00
  1.339310E-01 7.820E+00
  1.387470E-01 7.190E+00
  1.437160E-01 6.610E+00
  1.488420E-01 6.070E+00
  1.541280E-01 5.580E+00
  1.595800E-01 5.130E+00
  1.652030E-01 4.710E+00
  1.710000E-01 4.330E+00
  1.769760E-01 3.980E+00
  1.831380E-01 3.660E+00
  1.894890E-01 3.360E+00
  1.960340E-01 3.090E+00
  2.027800E-01 2.840E+00
  2.097320E-01 2.600E+00
  2.168940E-01 2.390E+00
  2.242730E-01 2.200E+00
  2.318750E-01 2.020E+00
  2.397060E-01 1.850E+00
  2.477710E-01 1.700E+00
  2.560770E-01 1.560E+00
  2.646300E-01 1.440E+00
  2.734380E-01 1.320E+00
  2.825060E-01 1.210E+00
  2.918420E-01 1.110E+00
  3.014530E-01 1.020E+00
  3.113450E-01 9.370E-01
  3.215260E-01 8.600E-01
  3.320050E-01 7.900E-01
  3.427880E-01 7.250E-01
  3.538830E-01 6.660E-01
  3.652980E-01 6.110E-01
  3.770430E-01 5.610E-01
  3.891250E-01 5.150E-01
  4.015520E-01 4.730E-01
  4.143350E-01 4.340E-01
  4.274810E-01 3.980E-01
  4.410010E-01 3.650E-01
  4.549030E-01 3.350E-01
  4.691980E-01 3.080E-01
  4.838950E-01 2.830E-01
  4.990050E-01 2.590E-01
  5.145370E-01 2.380E-01
  5.305040E-01 2.180E-01
  5.469140E-01 2.000E-01
  5.637800E-01 1.840E-01
  5.811130E-01 1.690E-01
  5.989250E-01 1.550E-01
  6.172260E-01 1.420E-01
  6.360310E-01 1.300E-01
  6.553510E-01 1.190E-01
  6.751980E-01 1.090E-01
  6.955860E-01 1.000E-01
  7.165280E-01 9.220E-02
  7.380380E-01 8.450E-02
  7.601290E-01 7.750E-02
  7.828150E-01 7.110E-02
  8.061120E-01 6.520E-02
  8.300340E-01 5.980E-02
  8.545960E-01 5.490E-02
  8.798130E-01 5.030E-02
  9.057020E-01 4.610E-02
  9.322790E-01 4.230E-02
  9.595590E-01 3.880E-02
  9.875600E-01 3.560E-02
  1.016300E+00 3.260E-02
  1.045800E+00 2.990E-02
  1.076060E+00 2.740E-02
  1.107120E+00 2.520E-02
  1.139000E+00 2.310E-02
  1.171700E+00 2.110E-02
  1.205250E+00 1.940E-02
  1.239670E+00 1.780E-02
  1.274980E+00 1.630E-02
  1.311200E+00 1.490E-02
  1.348360E+00 1.370E-02
  1.386470E+00 1.260E-02
  1.425550E+00 1.150E-02
  1.465640E+00 1.050E-02
  1.506740E+00 9.660E-03
  1.548890E+00 8.860E-03
  1.592120E+00 8.120E-03
  1.636430E+00 7.440E-03
  1.681870E+00 6.820E-03
  1.728450E+00 6.250E-03
  1.776200E+00 5.730E-03
  1.825160E+00 5.250E-03
  1.875340E+00 4.810E-03
  1.926770E+00 4.410E-03
  1.979480E+00 4.040E-03
  2.033510E+00 3.700E-03
  2.088880E+00 3.390E-03
  2.145620E+00 3.110E-03
  2.203760E+00 2.850E-03
  2.263340E+00 2.610E-03
  2.324380E+00 2.390E-03
  2.386930E+00 2.190E-03
  2.451000E+00 2.000E-03
  2.463890E+00 1.970E-03
    2    1    1    4
    134    134
  4.071920E-02    0.0050
  3.071930E-02 1.010E+02
  3.271920E-02 8.860E+01
  3.471920E-02 7.840E+01
  3.671920E-02 6.980E+01
  3.871920E-02 6.250E+01
  4.071920E-02 5.620E+01
  4.235550E-02 5.180E+01
  4.405100E-02 4.770E+01
  4.580760E-02 4.390E+01
  4.762720E-02 4.040E+01
  4.951200E-02 3.720E+01
  5.146380E-02 3.430E+01
  5.348490E-02 3.160E+01
  5.557750E-02 2.910E+01
  5.774370E-02 2.670E+01
  5.998580E-02 2.460E+01
  6.230630E-02 2.270E+01
  6.470758E-02 2.090E+01
  6.719208E-02 1.920E+01
  6.976241E-02 1.770E+01
  7.242107E-02 1.630E+01
  7.517099E-02 1.490E+01
  7.801479E-02 1.380E+01
  8.095533E-02 1.270E+01
  8.399540E-02 1.160E+01
  8.713818E-02 1.070E+01
  9.038669E-02 9.850E+00
  9.374410E-02 9.060E+00
  9.721363E-02 8.340E+00
  1.007980E-01 7.670E+00
  1.045020E-01 7.050E+00
  1.083280E-01 6.490E+00
  1.122800E-01 5.970E+00
  1.163620E-01 5.480E+00
  1.205770E-01 5.040E+00
  1.249290E-01 4.640E+00
  1.294220E-01 4.260E+00
  1.340600E-01 3.920E+00
  1.388480E-01 3.600E+00
  1.437890E-01 3.310E+00
  1.488890E-01 3.050E+00
  1.541500E-01 2.800E+00
  1.595800E-01 2.570E+00
  1.651800E-01 2.360E+00
  1.709580E-01 2.170E+00
  1.769160E-01 2.000E+00
  1.830620E-01 1.840E+00
  1.893990E-01 1.690E+00
  1.959330E-01 1.550E+00
  2.026700E-01 1.420E+00
  2.096150E-01 1.310E+00
  2.167740E-01 1.200E+00
  2.241520E-01 1.100E+00
  2.317550E-01 1.010E+00
  2.395910E-01 9.320E-01
  2.476650E-01 8.560E-01
  2.559820E-01 7.860E-01
  2.645510E-01 7.220E-01
  2.733780E-01 6.630E-01
  2.824690E-01 6.090E-01
  2.918310E-01 5.590E-01
  3.014720E-01 5.140E-01
  3.114000E-01 4.720E-01
  3.216210E-01 4.330E-01
  3.321430E-01 3.980E-01
  3.429750E-01 3.650E-01
  3.541240E-01 3.350E-01
  3.655980E-01 3.080E-01
  3.774070E-01 2.830E-01
  3.895580E-01 2.590E-01
  4.020610E-01 2.380E-01
  4.149240E-01 2.190E-01
  4.281560E-01 2.010E-01
  4.417680E-01 1.840E-01
  4.557690E-01 1.690E-01
  4.701680E-01 1.550E-01
  4.849770E-01 1.420E-01
  5.002040E-01 1.310E-01
  5.158600E-01 1.200E-01
  5.319570E-01 1.100E-01
  5.485060E-01 1.010E-01
  5.655160E-01 9.270E-02
  5.830010E-01 8.500E-02
  6.009720E-01 7.800E-02
  6.194400E-01 7.160E-02
  6.384190E-01 6.570E-02
  6.579200E-01 6.020E-02
  6.779560E-01 5.530E-02
  6.985410E-01 5.070E-02
  7.196880E-01 4.650E-02
  7.414090E-01 4.260E-02
  7.637210E-01 3.910E-02
  7.866350E-01 3.590E-02
  8.101670E-01 3.290E-02
  8.343330E-01 3.020E-02
  8.591460E-01 2.770E-02
  8.846230E-01 2.540E-02
  9.107790E-01 2.330E-02
  9.376300E-01 2.140E-02
  9.651920E-01 1.960E-02
  9.934840E-01 1.790E-02
  1.022520E+00 1.650E-02
  1.052320E+00 1.510E-02
  1.082900E+00 1.380E-02
  1.114280E+00 1.270E-02
  1.146480E+00 1.160E-02
  1.179510E+00 1.070E-02
  1.213400E+00 9.770E-03
  1.248170E+00 8.960E-03
  1.283830E+00 8.210E-03
  1.320410E+00 7.530E-03
  1.357930E+00 6.900E-03
  1.396400E+00 6.320E-03
  1.435860E+00 5.800E-03
  1.476310E+00 5.310E-03
  1.517800E+00 4.870E-03
  1.560330E+00 4.460E-03
  1.603940E+00 4.090E-03
  1.648640E+00 3.750E-03
  1.694460E+00 3.430E-03
  1.741430E+00 3.150E-03
  1.789570E+00 2.880E-03
  1.838900E+00 2.640E-03
  1.889470E+00 2.420E-03
  1.941280E+00 2.220E-03
  1.994370E+00 2.030E-03
  2.048770E+00 1.860E-03
  2.104500E+00 1.710E-03
  2.161600E+00 1.560E-03
  2.220090E+00 1.430E-03
  2.280010E+00 1.310E-03
  2.341390E+00 1.200E-03
  2.404250E+00 1.100E-03
  2.440720E+00 1.050E-03
    2    1    1    5
    110    110
  2.819560E-02    0.0050
  2.219560E-02 1.180E+02
  2.419560E-02 9.860E+01
  2.619560E-02 8.370E+01
  2.819560E-02 7.180E+01
  2.932550E-02 6.610E+01
  3.049790E-02 6.100E+01
  3.171420E-02 5.620E+01
  3.297590E-02 5.180E+01
  3.428460E-02 4.770E+01
  3.564190E-02 4.390E+01
  3.704930E-02 4.050E+01
  3.850860E-02 3.730E+01
  4.002150E-02 3.440E+01
  4.158980E-02 3.160E+01
  4.321530E-02 2.910E+01
  4.489980E-02 2.680E+01
  4.664540E-02 2.470E+01
  4.845400E-02 2.280E+01
  5.032760E-02 2.100E+01
  5.226840E-02 1.930E+01
  5.427860E-02 1.780E+01
  5.636020E-02 1.640E+01
  5.851580E-02 1.510E+01
  6.074750E-02 1.390E+01
  6.305778E-02 1.280E+01
  6.544918E-02 1.180E+01
  6.792420E-02 1.080E+01
  7.048547E-02 9.950E+00
  7.313567E-02 9.160E+00
  7.587749E-02 8.430E+00
  7.871389E-02 7.760E+00
  8.164769E-02 7.140E+00
  8.468193E-02 6.570E+00
  8.781958E-02 6.040E+00
  9.106392E-02 5.560E+00
  9.441793E-02 5.110E+00
  9.788519E-02 4.710E+00
  1.014690E-01 4.330E+00
  1.051730E-01 3.980E+00
  1.090000E-01 3.660E+00
  1.129550E-01 3.370E+00
  1.170400E-01 3.100E+00
  1.212610E-01 2.850E+00
  1.256200E-01 2.620E+00
  1.301220E-01 2.410E+00
  1.347700E-01 2.220E+00
  1.395700E-01 2.040E+00
  1.445260E-01 1.870E+00
  1.496420E-01 1.720E+00
  1.549220E-01 1.580E+00
  1.603710E-01 1.450E+00
  1.659950E-01 1.340E+00
  1.717970E-01 1.230E+00
  1.777830E-01 1.130E+00
  1.839580E-01 1.040E+00
  1.903280E-01 9.540E-01
  1.968970E-01 8.770E-01
  2.036710E-01 8.060E-01
  2.106570E-01 7.400E-01
  2.178590E-01 6.800E-01
  2.252830E-01 6.250E-01
  2.329360E-01 5.740E-01
  2.408240E-01 5.270E-01
  2.489530E-01 4.840E-01
  2.573290E-01 4.450E-01
  2.659600E-01 4.090E-01
  2.748510E-01 3.760E-01
  2.840110E-01 3.450E-01
  2.934450E-01 3.170E-01
  3.031610E-01 2.910E-01
  3.131670E-01 2.670E-01
  3.234700E-01 2.450E-01
  3.340780E-01 2.250E-01
  3.449980E-01 2.070E-01
  3.562400E-01 1.900E-01
  3.678100E-01 1.740E-01
  3.797180E-01 1.600E-01
  3.919720E-01 1.470E-01
  4.045800E-01 1.350E-01
  4.175530E-01 1.240E-01
  4.308980E-01 1.140E-01
  4.446260E-01 1.040E-01
  4.587450E-01 9.570E-02
  4.732670E-01 8.780E-02
  4.882000E-01 8.060E-02
  5.035550E-01 7.400E-02
  5.193420E-01 6.790E-02
  5.355720E-01 6.230E-02
  5.522550E-01 5.720E-02
  5.694030E-01 5.240E-02
  5.870280E-01 4.810E-02
  6.051400E-01 4.410E-02
  6.237510E-01 4.050E-02
  6.428730E-01 3.710E-02
  6.625190E-01 3.410E-02
  6.827010E-01 3.130E-02
  7.034320E-01 2.870E-02
  7.247240E-01 2.630E-02
  7.465910E-01 2.410E-02
  7.690470E-01 2.210E-02
  7.921050E-01 2.030E-02
  8.157800E-01 1.860E-02
  8.400840E-01 1.710E-02
  8.650350E-01 1.560E-02
  8.906450E-01 1.430E-02
  9.169310E-01 1.310E-02
  9.439070E-01 1.210E-02
  9.715910E-01 1.110E-02
  9.999960E-01 1.010E-02
  1.028200E+00 9.320E-03
    2    1    1    6
    114    114
  2.067180E-02    0.0050
  1.667180E-02 1.380E+02
  1.867180E-02 1.090E+02
  2.067180E-02 8.840E+01
  2.149490E-02 8.150E+01
  2.234960E-02 7.520E+01
  2.323700E-02 6.930E+01
  2.415830E-02 6.390E+01
  2.511460E-02 5.890E+01
  2.610740E-02 5.430E+01
  2.713770E-02 5.000E+01
  2.820690E-02 4.610E+01
  2.931650E-02 4.250E+01
  3.046770E-02 3.910E+01
  3.166200E-02 3.610E+01
  3.290100E-02 3.320E+01
  3.418600E-02 3.060E+01
  3.551880E-02 2.820E+01
  3.690100E-02 2.600E+01
  3.833410E-02 2.390E+01
  3.981990E-02 2.210E+01
  4.136030E-02 2.030E+01
  4.295700E-02 1.870E+01
  4.461190E-02 1.720E+01
  4.632690E-02 1.590E+01
  4.810400E-02 1.460E+01
  4.994520E-02 1.350E+01
  5.185280E-02 1.240E+01
  5.382870E-02 1.140E+01
  5.587520E-02 1.050E+01
  5.799470E-02 9.680E+00
  6.018940E-02 8.910E+00
  6.246180E-02 8.200E+00
  6.481433E-02 7.550E+00
  6.724948E-02 6.950E+00
  6.977010E-02 6.400E+00
  7.237858E-02 5.890E+00
  7.507777E-02 5.420E+00
  7.787061E-02 4.990E+00
  8.075988E-02 4.590E+00
  8.374858E-02 4.230E+00
  8.683991E-02 3.890E+00
  9.003681E-02 3.580E+00
  9.334260E-02 3.290E+00
  9.676057E-02 3.030E+00
  1.002940E-01 2.790E+00
  1.039470E-01 2.560E+00
  1.077220E-01 2.360E+00
  1.116230E-01 2.170E+00
  1.156550E-01 1.990E+00
  1.198200E-01 1.830E+00
  1.241230E-01 1.690E+00
  1.285680E-01 1.550E+00
  1.331600E-01 1.430E+00
  1.379010E-01 1.310E+00
  1.427970E-01 1.210E+00
  1.478510E-01 1.110E+00
  1.530700E-01 1.020E+00
  1.584560E-01 9.370E-01
  1.640160E-01 8.620E-01
  1.697530E-01 7.920E-01
  1.756740E-01 7.280E-01
  1.817820E-01 6.690E-01
  1.880840E-01 6.150E-01
  1.945840E-01 5.650E-01
  2.012880E-01 5.190E-01
  2.082030E-01 4.770E-01
  2.153320E-01 4.380E-01
  2.226830E-01 4.030E-01
  2.302620E-01 3.700E-01
  2.380740E-01 3.400E-01
  2.461260E-01 3.120E-01
  2.544240E-01 2.870E-01
  2.629750E-01 2.640E-01
  2.717850E-01 2.420E-01
  2.808630E-01 2.220E-01
  2.902130E-01 2.040E-01
  2.998440E-01 1.880E-01
  3.097630E-01 1.720E-01
  3.199780E-01 1.580E-01
  3.304950E-01 1.450E-01
  3.413240E-01 1.330E-01
  3.524720E-01 1.230E-01
  3.639460E-01 1.130E-01
  3.757570E-01 1.030E-01
  3.879110E-01 9.480E-02
  4.004170E-01 8.700E-02
  4.132850E-01 7.990E-02
  4.265240E-01 7.330E-02
  4.401430E-01 6.730E-02
  4.541500E-01 6.170E-02
  4.685570E-01 5.670E-02
  4.833720E-01 5.200E-02
  4.986060E-01 4.770E-02
  5.142690E-01 4.380E-02
  5.303720E-01 4.020E-02
  5.469240E-01 3.690E-02
  5.639380E-01 3.380E-02
  5.814230E-01 3.100E-02
  5.993920E-01 2.850E-02
  6.178550E-01 2.610E-02
  6.368250E-01 2.400E-02
  6.563140E-01 2.200E-02
  6.763330E-01 2.020E-02
  6.968960E-01 1.850E-02
  7.180140E-01 1.700E-02
  7.397020E-01 1.550E-02
  7.619710E-01 1.430E-02
  7.848360E-01 1.310E-02
  8.083110E-01 1.200E-02
  8.324080E-01 1.100E-02
  8.571430E-01 1.010E-02
  8.825300E-01 9.250E-03
  9.085830E-01 8.480E-03
  9.206720E-01 8.150E-03
    2    1    1    7
    112    112
  1.580180E-02    0.0050
  1.380180E-02 1.410E+02
  1.580180E-02 1.060E+02
  1.642460E-02 9.790E+01
  1.707170E-02 9.030E+01
  1.774390E-02 8.330E+01
  1.844210E-02 7.680E+01
  1.916720E-02 7.080E+01
  1.992040E-02 6.530E+01
  2.070260E-02 6.020E+01
  2.151480E-02 5.550E+01
  2.235810E-02 5.110E+01
  2.323370E-02 4.710E+01
  2.414270E-02 4.350E+01
  2.508630E-02 4.010E+01
  2.606580E-02 3.690E+01
  2.708230E-02 3.400E+01
  2.813720E-02 3.140E+01
  2.923200E-02 2.890E+01
  3.036780E-02 2.660E+01
  3.154630E-02 2.460E+01
  3.276880E-02 2.260E+01
  3.403690E-02 2.090E+01
  3.535220E-02 1.920E+01
  3.671620E-02 1.770E+01
  3.813070E-02 1.630E+01
  3.959730E-02 1.500E+01
  4.111790E-02 1.380E+01
  4.269420E-02 1.270E+01
  4.432820E-02 1.170E+01
  4.602160E-02 1.080E+01
  4.777660E-02 9.960E+00
  4.959520E-02 9.170E+00
  5.147940E-02 8.450E+00
  5.343140E-02 7.780E+00
  5.545340E-02 7.160E+00
  5.754770E-02 6.600E+00
  5.971670E-02 6.070E+00
  6.196270E-02 5.590E+00
  6.428832E-02 5.150E+00
  6.669593E-02 4.740E+00
  6.918818E-02 4.360E+00
  7.176781E-02 4.010E+00
  7.443750E-02 3.690E+00
  7.720017E-02 3.400E+00
  8.005869E-02 3.130E+00
  8.301598E-02 2.880E+00
  8.607513E-02 2.650E+00
  8.923930E-02 2.440E+00
  9.251159E-02 2.240E+00
  9.589553E-02 2.060E+00
  9.939432E-02 1.900E+00
  1.030110E-01 1.750E+00
  1.067500E-01 1.610E+00
  1.106150E-01 1.480E+00
  1.146090E-01 1.360E+00
  1.187360E-01 1.250E+00
  1.230000E-01 1.150E+00
  1.274050E-01 1.060E+00
  1.319560E-01 9.730E-01
  1.366560E-01 8.950E-01
  1.415090E-01 8.230E-01
  1.465210E-01 7.570E-01
  1.516950E-01 6.960E-01
  1.570370E-01 6.400E-01
  1.625510E-01 5.880E-01
  1.682420E-01 5.400E-01
  1.741150E-01 4.970E-01
  1.801750E-01 4.560E-01
  1.864270E-01 4.200E-01
  1.928760E-01 3.860E-01
  1.995290E-01 3.540E-01
  2.063900E-01 3.260E-01
  2.134660E-01 2.990E-01
  2.207620E-01 2.750E-01
  2.282840E-01 2.530E-01
  2.360380E-01 2.320E-01
  2.440300E-01 2.130E-01
  2.522670E-01 1.960E-01
  2.607560E-01 1.800E-01
  2.695020E-01 1.650E-01
  2.785130E-01 1.520E-01
  2.877960E-01 1.390E-01
  2.973580E-01 1.280E-01
  3.072050E-01 1.180E-01
  3.173460E-01 1.080E-01
  3.277880E-01 9.920E-02
  3.385390E-01 9.100E-02
  3.496060E-01 8.360E-02
  3.609970E-01 7.670E-02
  3.727220E-01 7.050E-02
  3.847870E-01 6.470E-02
  3.972020E-01 5.940E-02
  4.099760E-01 5.450E-02
  4.231160E-01 5.000E-02
  4.366330E-01 4.590E-02
  4.505360E-01 4.210E-02
  4.648330E-01 3.870E-02
  4.795360E-01 3.550E-02
  4.946520E-01 3.260E-02
  5.101930E-01 2.990E-02
  5.261690E-01 2.740E-02
  5.425900E-01 2.520E-02
  5.594660E-01 2.310E-02
  5.768100E-01 2.120E-02
  5.946300E-01 1.940E-02
  6.129400E-01 1.780E-02
  6.317490E-01 1.630E-02
  6.510710E-01 1.500E-02
  6.709160E-01 1.370E-02
  6.912970E-01 1.260E-02
  7.122260E-01 1.160E-02
  7.158020E-01 1.140E-02
    2    1    1    8
    118    118
  1.246990E-02    0.0050
  1.047000E-02 1.810E+02
  1.247000E-02 1.250E+02
  1.295770E-02 1.150E+02
  1.346460E-02 1.060E+02
  1.399120E-02 9.800E+01
  1.453840E-02 9.040E+01
  1.510690E-02 8.330E+01
  1.569760E-02 7.680E+01
  1.631120E-02 7.090E+01
  1.694850E-02 6.530E+01
  1.761060E-02 6.030E+01
  1.829820E-02 5.560E+01
  1.901230E-02 5.120E+01
  1.975400E-02 4.720E+01
  2.052410E-02 4.350E+01
  2.132370E-02 4.010E+01
  2.215400E-02 3.700E+01
  2.301590E-02 3.410E+01
  2.391070E-02 3.140E+01
  2.483950E-02 2.900E+01
  2.580360E-02 2.670E+01
  2.680410E-02 2.460E+01
  2.784240E-02 2.270E+01
  2.891980E-02 2.090E+01
  3.003770E-02 1.930E+01
  3.119750E-02 1.780E+01
  3.240060E-02 1.640E+01
  3.364860E-02 1.510E+01
  3.494310E-02 1.390E+01
  3.628550E-02 1.280E+01
  3.767760E-02 1.180E+01
  3.912110E-02 1.090E+01
  4.061760E-02 1.000E+01
  4.216910E-02 9.220E+00
  4.377730E-02 8.490E+00
  4.544420E-02 7.820E+00
  4.717160E-02 7.200E+00
  4.896170E-02 6.640E+00
  5.081650E-02 6.110E+00
  5.273820E-02 5.630E+00
  5.472890E-02 5.180E+00
  5.679080E-02 4.770E+00
  5.892640E-02 4.390E+00
  6.113790E-02 4.050E+00
  6.342793E-02 3.720E+00
  6.579888E-02 3.430E+00
  6.825328E-02 3.160E+00
  7.079399E-02 2.900E+00
  7.342362E-02 2.670E+00
  7.614487E-02 2.460E+00
  7.896078E-02 2.270E+00
  8.187431E-02 2.090E+00
  8.488828E-02 1.920E+00
  8.800608E-02 1.770E+00
  9.123069E-02 1.630E+00
  9.456551E-02 1.490E+00
  9.801370E-02 1.380E+00
  1.015790E-01 1.270E+00
  1.052650E-01 1.160E+00
  1.090740E-01 1.070E+00
  1.130120E-01 9.850E-01
  1.170810E-01 9.060E-01
  1.212860E-01 8.330E-01
  1.256300E-01 7.660E-01
  1.301180E-01 7.050E-01
  1.347530E-01 6.480E-01
  1.395410E-01 5.960E-01
  1.444850E-01 5.480E-01
  1.495900E-01 5.040E-01
  1.548610E-01 4.630E-01
  1.603020E-01 4.260E-01
  1.659180E-01 3.910E-01
  1.717140E-01 3.600E-01
  1.776950E-01 3.310E-01
  1.838670E-01 3.040E-01
  1.902340E-01 2.790E-01
  1.968020E-01 2.570E-01
  2.035770E-01 2.360E-01
  2.105640E-01 2.170E-01
  2.177690E-01 1.990E-01
  2.251970E-01 1.830E-01
  2.328560E-01 1.680E-01
  2.407510E-01 1.550E-01
  2.488880E-01 1.420E-01
  2.572750E-01 1.300E-01
  2.659170E-01 1.200E-01
  2.748210E-01 1.100E-01
  2.839940E-01 1.010E-01
  2.934440E-01 9.280E-02
  3.031770E-01 8.520E-02
  3.132000E-01 7.830E-02
  3.235220E-01 7.190E-02
  3.341500E-01 6.600E-02
  3.450920E-01 6.060E-02
  3.563550E-01 5.560E-02
  3.679480E-01 5.110E-02
  3.798790E-01 4.690E-02
  3.921570E-01 4.300E-02
  4.047900E-01 3.950E-02
  4.177870E-01 3.630E-02
  4.311570E-01 3.330E-02
  4.449090E-01 3.050E-02
  4.590530E-01 2.800E-02
  4.735990E-01 2.570E-02
  4.885550E-01 2.360E-02
  5.039320E-01 2.170E-02
  5.197400E-01 1.990E-02
  5.359890E-01 1.820E-02
  5.526900E-01 1.670E-02
  5.698540E-01 1.530E-02
  5.874920E-01 1.410E-02
  6.056130E-01 1.290E-02
  6.242310E-01 1.180E-02
  6.433570E-01 1.090E-02
  6.630020E-01 9.970E-03
  6.831780E-01 9.140E-03
  7.038980E-01 8.380E-03
  7.124700E-01 8.100E-03
    2    2    0    1
    124    124
  1.111830E-01    0.0050
  1.011830E-01 2.530E+01
  1.031830E-01 2.370E+01
  1.051830E-01 2.220E+01
  1.071830E-01 2.080E+01
  1.091830E-01 1.950E+01
  1.111830E-01 1.840E+01
  1.140570E-01 1.680E+01
  1.169990E-01 1.540E+01
  1.200100E-01 1.410E+01
  1.230920E-01 1.290E+01
  1.262450E-01 1.180E+01
  1.294720E-01 1.080E+01
  1.327740E-01 9.900E+00
  1.361520E-01 9.060E+00
  1.396080E-01 8.300E+00
  1.431440E-01 7.600E+00
  1.467610E-01 6.950E+00
  1.504600E-01 6.370E+00
  1.542430E-01 5.830E+00
  1.581120E-01 5.330E+00
  1.620690E-01 4.880E+00
  1.661160E-01 4.470E+00
  1.702530E-01 4.090E+00
  1.744830E-01 3.740E+00
  1.788070E-01 3.430E+00
  1.832280E-01 3.130E+00
  1.877470E-01 2.870E+00
  1.923670E-01 2.630E+00
  1.970880E-01 2.400E+00
  2.019130E-01 2.200E+00
  2.068440E-01 2.010E+00
  2.118830E-01 1.840E+00
  2.170310E-01 1.680E+00
  2.222920E-01 1.540E+00
  2.276670E-01 1.410E+00
  2.331570E-01 1.290E+00
  2.387660E-01 1.180E+00
  2.444960E-01 1.080E+00
  2.503470E-01 9.870E-01
  2.563240E-01 9.030E-01
  2.624280E-01 8.260E-01
  2.686610E-01 7.550E-01
  2.750260E-01 6.910E-01
  2.815250E-01 6.320E-01
  2.881610E-01 5.780E-01
  2.949350E-01 5.280E-01
  3.018510E-01 4.830E-01
  3.089100E-01 4.420E-01
  3.161160E-01 4.040E-01
  3.234710E-01 3.690E-01
  3.309780E-01 3.380E-01
  3.386390E-01 3.090E-01
  3.464570E-01 2.830E-01
  3.544340E-01 2.580E-01
  3.625740E-01 2.360E-01
  3.708790E-01 2.160E-01
  3.793520E-01 1.970E-01
  3.879950E-01 1.800E-01
  3.968130E-01 1.650E-01
  4.058070E-01 1.510E-01
  4.149810E-01 1.380E-01
  4.243380E-01 1.260E-01
  4.338810E-01 1.150E-01
  4.436130E-01 1.050E-01
  4.535360E-01 9.620E-02
  4.636550E-01 8.800E-02
  4.739720E-01 8.040E-02
  4.844910E-01 7.350E-02
  4.952160E-01 6.710E-02
  5.061480E-01 6.140E-02
  5.172930E-01 5.610E-02
  5.286520E-01 5.120E-02
  5.402310E-01 4.680E-02
  5.520320E-01 4.280E-02
  5.640590E-01 3.910E-02
  5.763150E-01 3.570E-02
  5.888050E-01 3.270E-02
  6.015310E-01 2.980E-02
  6.144980E-01 2.730E-02
  6.277100E-01 2.490E-02
  6.411700E-01 2.280E-02
  6.548830E-01 2.080E-02
  6.688510E-01 1.900E-02
  6.830800E-01 1.730E-02
  6.975740E-01 1.590E-02
  7.123350E-01 1.450E-02
  7.273700E-01 1.320E-02
  7.426810E-01 1.210E-02
  7.582730E-01 1.100E-02
  7.741510E-01 1.010E-02
  7.903180E-01 9.200E-03
  8.067800E-01 8.410E-03
  8.235400E-01 7.680E-03
  8.406030E-01 7.010E-03
  8.579740E-01 6.400E-03
  8.756580E-01 5.850E-03
  8.936580E-01 5.340E-03
  9.119810E-01 4.880E-03
  9.306300E-01 4.450E-03
  9.496110E-01 4.070E-03
  9.689280E-01 3.710E-03
  9.885860E-01 3.390E-03
  1.008590E+00 3.100E-03
  1.028950E+00 2.830E-03
  1.049660E+00 2.580E-03
  1.070740E+00 2.360E-03
  1.092180E+00 2.150E-03
  1.113990E+00 1.970E-03
  1.136190E+00 1.790E-03
  1.158760E+00 1.640E-03
  1.181730E+00 1.490E-03
  1.205090E+00 1.360E-03
  1.228840E+00 1.250E-03
  1.253010E+00 1.140E-03
  1.277590E+00 1.040E-03
  1.302580E+00 9.480E-04
  1.328000E+00 8.650E-04
  1.353850E+00 7.900E-04
  1.380130E+00 7.210E-04
  1.406850E+00 6.580E-04
  1.434020E+00 6.000E-04
  1.461650E+00 5.480E-04
  1.489730E+00 5.000E-04
  1.511180E+00 4.670E-04
    2    2    0    2
    116    116
  6.253922E-02    0.0050
  5.253920E-02 5.860E+01
  5.453920E-02 5.300E+01
  5.653920E-02 4.800E+01
  5.853920E-02 4.370E+01
  6.053920E-02 3.980E+01
  6.253922E-02 3.640E+01
  6.451470E-02 3.340E+01
  6.654131E-02 3.060E+01
  6.862009E-02 2.800E+01
  7.075208E-02 2.570E+01
  7.293862E-02 2.350E+01
  7.518059E-02 2.160E+01
  7.747930E-02 1.980E+01
  7.983589E-02 1.810E+01
  8.225149E-02 1.660E+01
  8.472753E-02 1.520E+01
  8.726507E-02 1.390E+01
  8.986539E-02 1.280E+01
  9.252989E-02 1.170E+01
  9.525979E-02 1.070E+01
  9.805638E-02 9.810E+00
  1.009210E-01 8.990E+00
  1.038550E-01 8.230E+00
  1.068600E-01 7.540E+00
  1.099380E-01 6.900E+00
  1.130890E-01 6.320E+00
  1.163150E-01 5.790E+00
  1.196180E-01 5.300E+00
  1.229990E-01 4.860E+00
  1.264600E-01 4.450E+00
  1.300030E-01 4.070E+00
  1.336280E-01 3.730E+00
  1.373380E-01 3.410E+00
  1.411340E-01 3.130E+00
  1.450180E-01 2.860E+00
  1.489910E-01 2.620E+00
  1.530560E-01 2.400E+00
  1.572140E-01 2.190E+00
  1.614660E-01 2.010E+00
  1.658150E-01 1.840E+00
  1.702630E-01 1.680E+00
  1.748120E-01 1.540E+00
  1.794620E-01 1.410E+00
  1.842170E-01 1.290E+00
  1.890780E-01 1.180E+00
  1.940470E-01 1.080E+00
  1.991260E-01 9.890E-01
  2.043180E-01 9.050E-01
  2.096240E-01 8.280E-01
  2.150460E-01 7.570E-01
  2.205870E-01 6.930E-01
  2.262490E-01 6.340E-01
  2.320340E-01 5.800E-01
  2.379450E-01 5.310E-01
  2.439830E-01 4.850E-01
  2.501510E-01 4.440E-01
  2.564510E-01 4.060E-01
  2.628860E-01 3.720E-01
  2.694580E-01 3.400E-01
  2.761700E-01 3.110E-01
  2.830240E-01 2.840E-01
  2.900220E-01 2.600E-01
  2.971680E-01 2.380E-01
  3.044640E-01 2.180E-01
  3.119130E-01 1.990E-01
  3.195170E-01 1.820E-01
  3.272790E-01 1.660E-01
  3.352020E-01 1.520E-01
  3.432880E-01 1.390E-01
  3.515420E-01 1.270E-01
  3.599640E-01 1.160E-01
  3.685600E-01 1.060E-01
  3.773300E-01 9.730E-02
  3.862800E-01 8.890E-02
  3.954110E-01 8.130E-02
  4.047270E-01 7.430E-02
  4.142310E-01 6.800E-02
  4.239260E-01 6.210E-02
  4.338160E-01 5.680E-02
  4.439040E-01 5.190E-02
  4.541930E-01 4.750E-02
  4.646860E-01 4.340E-02
  4.753880E-01 3.970E-02
  4.863020E-01 3.630E-02
  4.974310E-01 3.310E-02
  5.087790E-01 3.030E-02
  5.203500E-01 2.770E-02
  5.321470E-01 2.530E-02
  5.441750E-01 2.310E-02
  5.564360E-01 2.110E-02
  5.689360E-01 1.930E-02
  5.816780E-01 1.770E-02
  5.946650E-01 1.610E-02
  6.079030E-01 1.470E-02
  6.213950E-01 1.350E-02
  6.351450E-01 1.230E-02
  6.491580E-01 1.130E-02
  6.634390E-01 1.030E-02
  6.779900E-01 9.390E-03
  6.928180E-01 8.580E-03
  7.079250E-01 7.840E-03
  7.233180E-01 7.160E-03
  7.390000E-01 6.540E-03
  7.549770E-01 5.980E-03
  7.712530E-01 5.460E-03
  7.878320E-01 4.990E-03
  8.047210E-01 4.560E-03
  8.219220E-01 4.170E-03
  8.394430E-01 3.810E-03
  8.572880E-01 3.480E-03
  8.754620E-01 3.170E-03
  8.939700E-01 2.900E-03
  9.128170E-01 2.650E-03
  9.320100E-01 2.420E-03
  9.515530E-01 2.210E-03
  9.625390E-01 2.100E-03
    2    2    0    3
    127    127
  4.002210E-02    0.0050
  3.002210E-02 1.100E+02
  3.202210E-02 9.420E+01
  3.402210E-02 8.140E+01
  3.602210E-02 7.080E+01
  3.802210E-02 6.200E+01
  4.002210E-02 5.450E+01
  4.141890E-02 5.000E+01
  4.285550E-02 4.590E+01
  4.433300E-02 4.210E+01
  4.585220E-02 3.870E+01
  4.741400E-02 3.550E+01
  4.901950E-02 3.260E+01
  5.066960E-02 2.990E+01
  5.236540E-02 2.740E+01
  5.410770E-02 2.510E+01
  5.589770E-02 2.300E+01
  5.773640E-02 2.110E+01
  5.962500E-02 1.940E+01
  6.156430E-02 1.780E+01
  6.355572E-02 1.630E+01
  6.560022E-02 1.490E+01
  6.769902E-02 1.370E+01
  6.985313E-02 1.260E+01
  7.206392E-02 1.150E+01
  7.433248E-02 1.060E+01
  7.666022E-02 9.680E+00
  7.904822E-02 8.870E+00
  8.149773E-02 8.130E+00
  8.401012E-02 7.450E+00
  8.658671E-02 6.830E+00
  8.922869E-02 6.260E+00
  9.193772E-02 5.730E+00
  9.471488E-02 5.260E+00
  9.756172E-02 4.810E+00
  1.004800E-01 4.410E+00
  1.034700E-01 4.040E+00
  1.065340E-01 3.700E+00
  1.096740E-01 3.390E+00
  1.128910E-01 3.110E+00
  1.161870E-01 2.850E+00
  1.195630E-01 2.610E+00
  1.230200E-01 2.390E+00
  1.265610E-01 2.190E+00
  1.301860E-01 2.000E+00
  1.338990E-01 1.830E+00
  1.377000E-01 1.680E+00
  1.415900E-01 1.540E+00
  1.455730E-01 1.410E+00
  1.496500E-01 1.290E+00
  1.538220E-01 1.180E+00
  1.580910E-01 1.080E+00
  1.624590E-01 9.900E-01
  1.669290E-01 9.060E-01
  1.715010E-01 8.300E-01
  1.761780E-01 7.590E-01
  1.809630E-01 6.950E-01
  1.858560E-01 6.360E-01
  1.908600E-01 5.820E-01
  1.959780E-01 5.330E-01
  2.012100E-01 4.880E-01
  2.065600E-01 4.460E-01
  2.120300E-01 4.090E-01
  2.176210E-01 3.740E-01
  2.233360E-01 3.420E-01
  2.291780E-01 3.130E-01
  2.351480E-01 2.860E-01
  2.412490E-01 2.620E-01
  2.474830E-01 2.400E-01
  2.538530E-01 2.190E-01
  2.603620E-01 2.010E-01
  2.670110E-01 1.840E-01
  2.738030E-01 1.680E-01
  2.807400E-01 1.540E-01
  2.878270E-01 1.410E-01
  2.950640E-01 1.280E-01
  3.024550E-01 1.180E-01
  3.100020E-01 1.080E-01
  3.177090E-01 9.830E-02
  3.255770E-01 8.990E-02
  3.336100E-01 8.230E-02
  3.418110E-01 7.520E-02
  3.501830E-01 6.880E-02
  3.587280E-01 6.290E-02
  3.674490E-01 5.750E-02
  3.763500E-01 5.260E-02
  3.854340E-01 4.810E-02
  3.947040E-01 4.400E-02
  4.041630E-01 4.020E-02
  4.138140E-01 3.680E-02
  4.236600E-01 3.360E-02
  4.337050E-01 3.070E-02
  4.439530E-01 2.810E-02
  4.544060E-01 2.570E-02
  4.650680E-01 2.350E-02
  4.759420E-01 2.150E-02
  4.870330E-01 1.960E-02
  4.983430E-01 1.790E-02
  5.098770E-01 1.640E-02
  5.216380E-01 1.500E-02
  5.336290E-01 1.370E-02
  5.458550E-01 1.250E-02
  5.583200E-01 1.140E-02
  5.710270E-01 1.050E-02
  5.839800E-01 9.550E-03
  5.971840E-01 8.730E-03
  6.106420E-01 7.980E-03
  6.243590E-01 7.290E-03
  6.383380E-01 6.660E-03
  6.525850E-01 6.090E-03
  6.671020E-01 5.560E-03
  6.818950E-01 5.080E-03
  6.969690E-01 4.640E-03
  7.123260E-01 4.240E-03
  7.279730E-01 3.870E-03
  7.439130E-01 3.540E-03
  7.601520E-01 3.230E-03
  7.766940E-01 2.950E-03
  7.935430E-01 2.700E-03
  8.107050E-01 2.460E-03
  8.281840E-01 2.250E-03
  8.459860E-01 2.060E-03
  8.641150E-01 1.880E-03
  8.825770E-01 1.720E-03
  9.013760E-01 1.570E-03
  9.205190E-01 1.430E-03
  9.400100E-01 1.310E-03
  9.400220E-01 1.310E-03
    2    2    0    4
    133    133
  2.779120E-02    0.0050
  2.179120E-02 1.290E+02
  2.379120E-02 1.050E+02
  2.579120E-02 8.740E+01
  2.779120E-02 7.330E+01
  2.881220E-02 6.730E+01
  2.986490E-02 6.190E+01
  3.095000E-02 5.680E+01
  3.206830E-02 5.220E+01
  3.322060E-02 4.790E+01
  3.440780E-02 4.400E+01
  3.563070E-02 4.040E+01
  3.689030E-02 3.710E+01
  3.818720E-02 3.410E+01
  3.952260E-02 3.130E+01
  4.089720E-02 2.870E+01
  4.231200E-02 2.640E+01
  4.376800E-02 2.420E+01
  4.526610E-02 2.220E+01
  4.680730E-02 2.040E+01
  4.839250E-02 1.870E+01
  5.002290E-02 1.720E+01
  5.169950E-02 1.580E+01
  5.342320E-02 1.440E+01
  5.519530E-02 1.330E+01
  5.701660E-02 1.220E+01
  5.888850E-02 1.120E+01
  6.081190E-02 1.020E+01
  6.278813E-02 9.390E+00
  6.481832E-02 8.610E+00
  6.690347E-02 7.900E+00
  6.904489E-02 7.240E+00
  7.124400E-02 6.640E+00
  7.350183E-02 6.090E+00
  7.581967E-02 5.580E+00
  7.819891E-02 5.120E+00
  8.064079E-02 4.690E+00
  8.314657E-02 4.300E+00
  8.571780E-02 3.940E+00
  8.835572E-02 3.610E+00
  9.106171E-02 3.310E+00
  9.383732E-02 3.040E+00
  9.668380E-02 2.780E+00
  9.960282E-02 2.550E+00
  1.025960E-01 2.340E+00
  1.056640E-01 2.140E+00
  1.088090E-01 1.960E+00
  1.120330E-01 1.800E+00
  1.153380E-01 1.650E+00
  1.187240E-01 1.510E+00
  1.221930E-01 1.380E+00
  1.257470E-01 1.270E+00
  1.293880E-01 1.160E+00
  1.331180E-01 1.060E+00
  1.369380E-01 9.730E-01
  1.408490E-01 8.910E-01
  1.448550E-01 8.160E-01
  1.489560E-01 7.470E-01
  1.531550E-01 6.840E-01
  1.574530E-01 6.270E-01
  1.618530E-01 5.740E-01
  1.663550E-01 5.250E-01
  1.709630E-01 4.810E-01
  1.756780E-01 4.400E-01
  1.805020E-01 4.030E-01
  1.854370E-01 3.690E-01
  1.904860E-01 3.380E-01
  1.956500E-01 3.090E-01
  2.009320E-01 2.830E-01
  2.063330E-01 2.590E-01
  2.118570E-01 2.370E-01
  2.175050E-01 2.170E-01
  2.232790E-01 1.990E-01
  2.291820E-01 1.820E-01
  2.352170E-01 1.660E-01
  2.413850E-01 1.520E-01
  2.476880E-01 1.390E-01
  2.541310E-01 1.270E-01
  2.607140E-01 1.170E-01
  2.674400E-01 1.070E-01
  2.743130E-01 9.750E-02
  2.813340E-01 8.920E-02
  2.885060E-01 8.160E-02
  2.958320E-01 7.470E-02
  3.033150E-01 6.830E-02
  3.109570E-01 6.250E-02
  3.187610E-01 5.710E-02
  3.267290E-01 5.230E-02
  3.348660E-01 4.780E-02
  3.431730E-01 4.370E-02
  3.516530E-01 4.000E-02
  3.603100E-01 3.660E-02
  3.691460E-01 3.340E-02
  3.781650E-01 3.060E-02
  3.873700E-01 2.800E-02
  3.967630E-01 2.560E-02
  4.063480E-01 2.340E-02
  4.161290E-01 2.140E-02
  4.261080E-01 1.950E-02
  4.362880E-01 1.790E-02
  4.466740E-01 1.630E-02
  4.572670E-01 1.490E-02
  4.680730E-01 1.360E-02
  4.790940E-01 1.250E-02
  4.903340E-01 1.140E-02
  5.017970E-01 1.040E-02
  5.134850E-01 9.520E-03
  5.254040E-01 8.700E-03
  5.375550E-01 7.950E-03
  5.499440E-01 7.270E-03
  5.625740E-01 6.640E-03
  5.754490E-01 6.070E-03
  5.885720E-01 5.550E-03
  6.019490E-01 5.070E-03
  6.155820E-01 4.630E-03
  6.294750E-01 4.230E-03
  6.436340E-01 3.870E-03
  6.580620E-01 3.530E-03
  6.727630E-01 3.230E-03
  6.877420E-01 2.950E-03
  7.030020E-01 2.700E-03
  7.185490E-01 2.460E-03
  7.343870E-01 2.250E-03
  7.505190E-01 2.060E-03
  7.669520E-01 1.880E-03
  7.836880E-01 1.720E-03
  8.007340E-01 1.570E-03
  8.180930E-01 1.430E-03
  8.357710E-01 1.310E-03
  8.537720E-01 1.190E-03
  8.721010E-01 1.090E-03
  8.907640E-01 9.960E-04
  9.097640E-01 9.090E-04
  9.277910E-01 8.360E-04
    2    2    0    5
    114    114
  2.041680E-02    0.0050
  1.641680E-02 1.520E+02
  1.841680E-02 1.170E+02
  2.041680E-02 9.290E+01
  2.118300E-02 8.540E+01
  2.197460E-02 7.860E+01
  2.279220E-02 7.220E+01
  2.363660E-02 6.640E+01
  2.450850E-02 6.110E+01
  2.540860E-02 5.610E+01
  2.633770E-02 5.160E+01
  2.729660E-02 4.740E+01
  2.828590E-02 4.360E+01
  2.930660E-02 4.000E+01
  3.035940E-02 3.680E+01
  3.144510E-02 3.380E+01
  3.256460E-02 3.110E+01
  3.371870E-02 2.850E+01
  3.490840E-02 2.620E+01
  3.613440E-02 2.410E+01
  3.739770E-02 2.210E+01
  3.869930E-02 2.030E+01
  4.003990E-02 1.860E+01
  4.142070E-02 1.710E+01
  4.284260E-02 1.570E+01
  4.430650E-02 1.440E+01
  4.581340E-02 1.330E+01
  4.736450E-02 1.220E+01
  4.896060E-02 1.120E+01
  5.060290E-02 1.020E+01
  5.229250E-02 9.400E+00
  5.403040E-02 8.630E+00
  5.581780E-02 7.920E+00
  5.765570E-02 7.270E+00
  5.954540E-02 6.670E+00
  6.148800E-02 6.110E+00
  6.348473E-02 5.610E+00
  6.553668E-02 5.150E+00
  6.764507E-02 4.720E+00
  6.981140E-02 4.330E+00
  7.203668E-02 3.970E+00
  7.432228E-02 3.640E+00
  7.666957E-02 3.340E+00
  7.907993E-02 3.060E+00
  8.155441E-02 2.810E+00
  8.409458E-02 2.570E+00
  8.670199E-02 2.360E+00
  8.937782E-02 2.160E+00
  9.212363E-02 1.980E+00
  9.494072E-02 1.820E+00
  9.783071E-02 1.670E+00
  1.007950E-01 1.530E+00
  1.038350E-01 1.400E+00
  1.069530E-01 1.280E+00
  1.101500E-01 1.180E+00
  1.134270E-01 1.080E+00
  1.167870E-01 9.870E-01
  1.202310E-01 9.040E-01
  1.237600E-01 8.280E-01
  1.273760E-01 7.590E-01
  1.310820E-01 6.950E-01
  1.348780E-01 6.370E-01
  1.387660E-01 5.830E-01
  1.427490E-01 5.340E-01
  1.468280E-01 4.890E-01
  1.510050E-01 4.480E-01
  1.552820E-01 4.100E-01
  1.596600E-01 3.760E-01
  1.641420E-01 3.440E-01
  1.687300E-01 3.150E-01
  1.734250E-01 2.880E-01
  1.782300E-01 2.640E-01
  1.831470E-01 2.420E-01
  1.881770E-01 2.210E-01
  1.933230E-01 2.020E-01
  1.985870E-01 1.850E-01
  2.039710E-01 1.700E-01
  2.094770E-01 1.550E-01
  2.151080E-01 1.420E-01
  2.208650E-01 1.300E-01
  2.267520E-01 1.190E-01
  2.327690E-01 1.090E-01
  2.389210E-01 9.970E-02
  2.452080E-01 9.120E-02
  2.516340E-01 8.350E-02
  2.582000E-01 7.630E-02
  2.649100E-01 6.990E-02
  2.717650E-01 6.390E-02
  2.787690E-01 5.840E-02
  2.859230E-01 5.350E-02
  2.932310E-01 4.890E-02
  3.006950E-01 4.470E-02
  3.083170E-01 4.090E-02
  3.161010E-01 3.740E-02
  3.240490E-01 3.420E-02
  3.321640E-01 3.130E-02
  3.404490E-01 2.860E-02
  3.489060E-01 2.620E-02
  3.575380E-01 2.390E-02
  3.663480E-01 2.190E-02
  3.753400E-01 2.000E-02
  3.845160E-01 1.830E-02
  3.938790E-01 1.670E-02
  4.034320E-01 1.530E-02
  4.131780E-01 1.400E-02
  4.231210E-01 1.280E-02
  4.332640E-01 1.170E-02
  4.436090E-01 1.070E-02
  4.541600E-01 9.760E-03
  4.649200E-01 8.920E-03
  4.758930E-01 8.160E-03
  4.870820E-01 7.450E-03
  4.984910E-01 6.810E-03
  5.101220E-01 6.230E-03
  5.204170E-01 5.760E-03
    2    2    0    6
    120    120
  1.563090E-02    0.0050
  1.363090E-02 1.540E+02
  1.563090E-02 1.140E+02
  1.622400E-02 1.040E+02
  1.683760E-02 9.610E+01
  1.747240E-02 8.840E+01
  1.812890E-02 8.140E+01
  1.880790E-02 7.490E+01
  1.950980E-02 6.890E+01
  2.023550E-02 6.330E+01
  2.098560E-02 5.830E+01
  2.176070E-02 5.360E+01
  2.256150E-02 4.930E+01
  2.338880E-02 4.530E+01
  2.424330E-02 4.160E+01
  2.512570E-02 3.830E+01
  2.603680E-02 3.520E+01
  2.697740E-02 3.240E+01
  2.794820E-02 2.970E+01
  2.895010E-02 2.730E+01
  2.998380E-02 2.510E+01
  3.105020E-02 2.310E+01
  3.215010E-02 2.120E+01
  3.328450E-02 1.950E+01
  3.445420E-02 1.790E+01
  3.566000E-02 1.640E+01
  3.690290E-02 1.510E+01
  3.818390E-02 1.390E+01
  3.950380E-02 1.280E+01
  4.086370E-02 1.170E+01
  4.226450E-02 1.080E+01
  4.370720E-02 9.870E+00
  4.519280E-02 9.060E+00
  4.672240E-02 8.320E+00
  4.829710E-02 7.640E+00
  4.991780E-02 7.010E+00
  5.158570E-02 6.440E+00
  5.330180E-02 5.910E+00
  5.506740E-02 5.420E+00
  5.688350E-02 4.980E+00
  5.875140E-02 4.570E+00
  6.067210E-02 4.190E+00
  6.264693E-02 3.840E+00
  6.467712E-02 3.530E+00
  6.676370E-02 3.230E+00
  6.890821E-02 2.970E+00
  7.111180E-02 2.720E+00
  7.337582E-02 2.500E+00
  7.570142E-02 2.290E+00
  7.809019E-02 2.100E+00
  8.054328E-02 1.930E+00
  8.306229E-02 1.770E+00
  8.564842E-02 1.620E+00
  8.830321E-02 1.480E+00
  9.102809E-02 1.360E+00
  9.382451E-02 1.250E+00
  9.669387E-02 1.140E+00
  9.963793E-02 1.050E+00
  1.026580E-01 9.610E-01
  1.057560E-01 8.810E-01
  1.089330E-01 8.070E-01
  1.121900E-01 7.390E-01
  1.155310E-01 6.780E-01
  1.189550E-01 6.210E-01
  1.224650E-01 5.690E-01
  1.260630E-01 5.210E-01
  1.297500E-01 4.780E-01
  1.335280E-01 4.370E-01
  1.373980E-01 4.010E-01
  1.413630E-01 3.670E-01
  1.454250E-01 3.360E-01
  1.495840E-01 3.080E-01
  1.538440E-01 2.820E-01
  1.582060E-01 2.580E-01
  1.626720E-01 2.360E-01
  1.672430E-01 2.160E-01
  1.719230E-01 1.980E-01
  1.767120E-01 1.820E-01
  1.816130E-01 1.660E-01
  1.866280E-01 1.520E-01
  1.917590E-01 1.390E-01
  1.970080E-01 1.270E-01
  2.023780E-01 1.170E-01
  2.078700E-01 1.070E-01
  2.134860E-01 9.770E-02
  2.192300E-01 8.940E-02
  2.251020E-01 8.180E-02
  2.311060E-01 7.490E-02
  2.372440E-01 6.850E-02
  2.435180E-01 6.270E-02
  2.499300E-01 5.740E-02
  2.564840E-01 5.250E-02
  2.631800E-01 4.800E-02
  2.700230E-01 4.390E-02
  2.770130E-01 4.020E-02
  2.841550E-01 3.680E-02
  2.914490E-01 3.360E-02
  2.989000E-01 3.080E-02
  3.065100E-01 2.810E-02
  3.142800E-01 2.570E-02
  3.222150E-01 2.350E-02
  3.303160E-01 2.150E-02
  3.385870E-01 1.970E-02
  3.470300E-01 1.800E-02
  3.556470E-01 1.650E-02
  3.644430E-01 1.510E-02
  3.734200E-01 1.380E-02
  3.825800E-01 1.260E-02
  3.919270E-01 1.150E-02
  4.014640E-01 1.050E-02
  4.111930E-01 9.610E-03
  4.211180E-01 8.790E-03
  4.312420E-01 8.030E-03
  4.415680E-01 7.340E-03
  4.520990E-01 6.710E-03
  4.628380E-01 6.140E-03
  4.737900E-01 5.610E-03
  4.849560E-01 5.130E-03
  4.963400E-01 4.680E-03
  5.079460E-01 4.280E-03
  5.156310E-01 4.040E-03
    2    2    0    7
    117    117
  1.234990E-02    0.0050
  1.034990E-02 2.000E+02
  1.234990E-02 1.350E+02
  1.281910E-02 1.240E+02
  1.330510E-02 1.150E+02
  1.380840E-02 1.050E+02
  1.432970E-02 9.710E+01
  1.486940E-02 8.940E+01
  1.542810E-02 8.230E+01
  1.600640E-02 7.570E+01
  1.660480E-02 6.970E+01
  1.722410E-02 6.410E+01
  1.786470E-02 5.900E+01
  1.852730E-02 5.430E+01
  1.921260E-02 4.990E+01
  1.992130E-02 4.590E+01
  2.065390E-02 4.230E+01
  2.141130E-02 3.890E+01
  2.219400E-02 3.580E+01
  2.300290E-02 3.290E+01
  2.383850E-02 3.020E+01
  2.470180E-02 2.780E+01
  2.559340E-02 2.560E+01
  2.651410E-02 2.350E+01
  2.746470E-02 2.160E+01
  2.844600E-02 1.990E+01
  2.945890E-02 1.830E+01
  3.050420E-02 1.680E+01
  3.158260E-02 1.540E+01
  3.269520E-02 1.420E+01
  3.384270E-02 1.300E+01
  3.502620E-02 1.200E+01
  3.624640E-02 1.100E+01
  3.750440E-02 1.010E+01
  3.880110E-02 9.270E+00
  4.013740E-02 8.520E+00
  4.151440E-02 7.820E+00
  4.293300E-02 7.180E+00
  4.439430E-02 6.600E+00
  4.589920E-02 6.060E+00
  4.744900E-02 5.560E+00
  4.904460E-02 5.100E+00
  5.068710E-02 4.690E+00
  5.237760E-02 4.300E+00
  5.411730E-02 3.950E+00
  5.590730E-02 3.620E+00
  5.774880E-02 3.330E+00
  5.964300E-02 3.050E+00
  6.159100E-02 2.800E+00
  6.359398E-02 2.570E+00
  6.565338E-02 2.360E+00
  6.777042E-02 2.160E+00
  6.994629E-02 1.980E+00
  7.218230E-02 1.820E+00
  7.447982E-02 1.670E+00
  7.684022E-02 1.530E+00
  7.926458E-02 1.400E+00
  8.175468E-02 1.290E+00
  8.431172E-02 1.180E+00
  8.693713E-02 1.080E+00
  8.963239E-02 9.930E-01
  9.239888E-02 9.100E-01
  9.523821E-02 8.340E-01
  9.815180E-02 7.650E-01
  1.011410E-01 7.010E-01
  1.042080E-01 6.430E-01
  1.073540E-01 5.890E-01
  1.105800E-01 5.400E-01
  1.138880E-01 4.950E-01
  1.172800E-01 4.530E-01
  1.207580E-01 4.150E-01
  1.243230E-01 3.800E-01
  1.279760E-01 3.490E-01
  1.317200E-01 3.190E-01
  1.355570E-01 2.930E-01
  1.394870E-01 2.680E-01
  1.435140E-01 2.450E-01
  1.476380E-01 2.250E-01
  1.518610E-01 2.060E-01
  1.561870E-01 1.880E-01
  1.606150E-01 1.730E-01
  1.651490E-01 1.580E-01
  1.697900E-01 1.450E-01
  1.745400E-01 1.320E-01
  1.794020E-01 1.210E-01
  1.843760E-01 1.110E-01
  1.894660E-01 1.020E-01
  1.946730E-01 9.310E-02
  2.000000E-01 8.520E-02
  2.054490E-01 7.800E-02
  2.110210E-01 7.140E-02
  2.167190E-01 6.530E-02
  2.225450E-01 5.980E-02
  2.285010E-01 5.470E-02
  2.345900E-01 5.010E-02
  2.408150E-01 4.580E-02
  2.471760E-01 4.190E-02
  2.536770E-01 3.830E-02
  2.603200E-01 3.510E-02
  2.671070E-01 3.210E-02
  2.740410E-01 2.940E-02
  2.811250E-01 2.680E-02
  2.883600E-01 2.450E-02
  2.957500E-01 2.250E-02
  3.032960E-01 2.050E-02
  3.110020E-01 1.880E-02
  3.188700E-01 1.720E-02
  3.269020E-01 1.570E-02
  3.351020E-01 1.440E-02
  3.434720E-01 1.310E-02
  3.520150E-01 1.200E-02
  3.607340E-01 1.100E-02
  3.696310E-01 1.000E-02
  3.787090E-01 9.180E-03
  3.879710E-01 8.390E-03
  3.974200E-01 7.670E-03
  4.070590E-01 7.010E-03
  4.123500E-01 6.680E-03
    0    0    0    0
