    4    3    P
    2    0    0    1
     15     84
  1.336530E+00    0.0050
  1.296570E+00 1.650E+00
  1.304530E+00 1.640E+00
  1.312530E+00 1.630E+00
  1.320530E+00 1.620E+00
  1.328530E+00 1.610E+00
  1.336530E+00 1.600E+00
  1.456240E+00 1.450E+00
  1.571480E+00 1.320E+00
  1.685240E+00 1.200E+00
  1.799050E+00 1.100E+00
  1.913830E+00 1.010E+00
  2.030240E+00 9.240E-01
  2.148730E+00 8.480E-01
  2.269700E+00 7.780E-01
  2.393460E+00 7.140E-01
  2.520300E+00 6.647E-01
  3.269130E+00 4.341E-01
  4.236390E+00 2.792E-01
  5.203640E+00 1.911E-01
  6.170890E+00 1.371E-01
  7.138140E+00 1.021E-01
  8.105390E+00 7.833E-02
  9.072640E+00 6.156E-02
  1.003990E+01 4.936E-02
  1.004010E+01 1.153E+00
  1.006500E+01 1.148E+00
  1.008980E+01 1.142E+00
  1.011470E+01 1.136E+00
  1.013950E+01 1.130E+00
  1.016440E+01 1.124E+00
  1.018930E+01 1.119E+00
  1.021410E+01 1.113E+00
  1.023900E+01 1.108E+00
  1.026390E+01 1.102E+00
  1.026400E+01 1.478E+00
  1.055290E+01 1.395E+00
  1.084990E+01 1.314E+00
  1.115540E+01 1.238E+00
  1.146940E+01 1.165E+00
  1.179220E+01 1.096E+00
  1.212420E+01 1.030E+00
  1.246540E+01 9.673E-01
  1.281630E+01 9.079E-01
  1.317710E+01 8.518E-01
  1.354800E+01 7.987E-01
  1.392940E+01 7.485E-01
  1.432150E+01 7.011E-01
  1.472460E+01 6.565E-01
  1.513910E+01 6.144E-01
  1.556520E+01 5.747E-01
  1.600340E+01 5.374E-01
  1.645390E+01 5.023E-01
  1.691700E+01 4.694E-01
  1.739320E+01 4.384E-01
  1.788280E+01 4.093E-01
  1.838620E+01 3.821E-01
  1.890370E+01 3.565E-01
  1.943590E+01 3.325E-01
  1.998300E+01 3.101E-01
  2.054540E+01 2.891E-01
  2.112380E+01 2.693E-01
  2.171840E+01 2.509E-01
  2.232970E+01 2.337E-01
  2.295830E+01 2.176E-01
  2.360460E+01 2.025E-01
  2.426900E+01 1.884E-01
  2.495210E+01 1.754E-01
  2.565450E+01 1.630E-01
  2.637670E+01 1.516E-01
  2.711910E+01 1.409E-01
  2.788250E+01 1.309E-01
  2.866740E+01 1.216E-01
  2.947430E+01 1.129E-01
  3.030400E+01 1.049E-01
  3.115700E+01 9.734E-02
  3.203410E+01 9.029E-02
  3.293580E+01 8.378E-02
  3.386290E+01 7.770E-02
  3.481610E+01 7.208E-02
  3.579610E+01 6.682E-02
  3.680370E+01 6.197E-02
  3.783970E+01 5.744E-02
  3.890490E+01 5.317E-02
  4.000000E+01 4.922E-02
    2    0    0    2
     58    102
  5.339270E-01    0.0050
  4.939670E-01 2.610E+00
  5.019270E-01 2.560E+00
  5.099270E-01 2.510E+00
  5.179270E-01 2.460E+00
  5.259270E-01 2.420E+00
  5.339270E-01 2.370E+00
  5.682420E-01 2.190E+00
  6.038570E-01 2.020E+00
  6.408330E-01 1.860E+00
  6.792270E-01 1.710E+00
  7.191000E-01 1.580E+00
  7.605110E-01 1.460E+00
  8.035220E-01 1.340E+00
  8.481940E-01 1.240E+00
  8.945920E-01 1.140E+00
  9.427810E-01 1.050E+00
  9.928280E-01 9.720E-01
  1.044800E+00 8.960E-01
  1.098770E+00 8.260E-01
  1.154820E+00 7.620E-01
  1.213010E+00 7.020E-01
  1.273420E+00 6.470E-01
  1.336130E+00 5.970E-01
  1.401240E+00 5.500E-01
  1.468810E+00 5.070E-01
  1.538950E+00 4.670E-01
  1.611740E+00 4.310E-01
  1.687270E+00 3.970E-01
  1.765650E+00 3.660E-01
  1.846970E+00 3.370E-01
  1.931340E+00 3.110E-01
  2.018870E+00 2.860E-01
  2.109660E+00 2.640E-01
  2.203840E+00 2.430E-01
  2.301520E+00 2.240E-01
  2.402830E+00 2.060E-01
  2.507880E+00 1.900E-01
  2.616830E+00 1.750E-01
  2.729800E+00 1.620E-01
  2.846930E+00 1.490E-01
  2.968370E+00 1.370E-01
  3.094280E+00 1.260E-01
  3.224800E+00 1.160E-01
  3.360110E+00 1.070E-01
  3.500370E+00 9.880E-02
  3.645760E+00 9.110E-02
  3.796460E+00 8.390E-02
  3.952650E+00 7.730E-02
  4.114540E+00 7.120E-02
  4.282310E+00 6.560E-02
  4.456190E+00 6.040E-02
  4.636380E+00 5.570E-02
  4.823110E+00 5.130E-02
  5.016620E+00 4.720E-02
  5.217140E+00 4.350E-02
  5.424920E+00 4.010E-02
  5.640230E+00 3.690E-02
  5.733930E+00 3.570E-02
  5.849764E+00 3.362E-02
  5.967935E+00 3.166E-02
  6.088493E+00 2.982E-02
  6.211493E+00 2.808E-02
  6.336973E+00 2.645E-02
  6.464987E+00 2.491E-02
  6.595586E+00 2.346E-02
  6.728827E+00 2.209E-02
  6.864758E+00 2.080E-02
  7.003439E+00 1.959E-02
  7.144915E+00 1.845E-02
  7.289250E+00 1.738E-02
  7.436506E+00 1.637E-02
  7.586732E+00 1.541E-02
  7.739992E+00 1.451E-02
  7.896353E+00 1.367E-02
  8.055868E+00 1.287E-02
  8.218611E+00 1.212E-02
  8.384634E+00 1.142E-02
  8.554020E+00 1.075E-02
  8.726818E+00 1.013E-02
  8.903111E+00 9.537E-03
  9.082969E+00 8.981E-03
  9.266458E+00 8.458E-03
  9.453649E+00 7.966E-03
  9.644629E+00 7.502E-03
  9.839464E+00 7.065E-03
  1.003823E+01 6.654E-03
  1.024102E+01 6.266E-03
  1.044790E+01 5.901E-03
  1.065896E+01 5.558E-03
  1.087429E+01 5.234E-03
  1.109396E+01 4.929E-03
  1.131808E+01 4.642E-03
  1.154672E+01 4.372E-03
  1.177997E+01 4.117E-03
  1.201795E+01 3.877E-03
  1.226072E+01 3.652E-03
  1.250841E+01 3.439E-03
  1.276110E+01 3.239E-03
  1.301888E+01 3.050E-03
  1.328189E+01 2.872E-03
  1.355019E+01 2.705E-03
  1.382393E+01 2.548E-03
    2    0    0    3
     55    103
  2.861010E-01    0.0050
  2.461410E-01 3.940E+00
  2.541010E-01 3.780E+00
  2.621010E-01 3.630E+00
  2.701010E-01 3.480E+00
  2.781010E-01 3.350E+00
  2.861010E-01 3.220E+00
  3.023480E-01 2.980E+00
  3.193120E-01 2.750E+00
  3.370200E-01 2.540E+00
  3.555030E-01 2.350E+00
  3.747910E-01 2.170E+00
  3.949160E-01 2.000E+00
  4.159110E-01 1.850E+00
  4.378100E-01 1.710E+00
  4.606480E-01 1.580E+00
  4.844630E-01 1.460E+00
  5.092910E-01 1.350E+00
  5.351730E-01 1.240E+00
  5.621490E-01 1.150E+00
  5.902620E-01 1.060E+00
  6.195560E-01 9.790E-01
  6.500760E-01 9.040E-01
  6.818700E-01 8.340E-01
  7.149870E-01 7.700E-01
  7.494780E-01 7.110E-01
  7.853950E-01 6.560E-01
  8.227930E-01 6.060E-01
  8.617300E-01 5.590E-01
  9.022630E-01 5.160E-01
  9.444550E-01 4.760E-01
  9.883680E-01 4.400E-01
  1.034070E+00 4.060E-01
  1.081630E+00 3.740E-01
  1.131110E+00 3.450E-01
  1.182590E+00 3.190E-01
  1.236150E+00 2.940E-01
  1.291870E+00 2.710E-01
  1.349820E+00 2.500E-01
  1.410100E+00 2.310E-01
  1.472790E+00 2.130E-01
  1.537980E+00 1.970E-01
  1.605770E+00 1.820E-01
  1.676250E+00 1.670E-01
  1.749540E+00 1.540E-01
  1.825730E+00 1.420E-01
  1.904940E+00 1.310E-01
  1.987290E+00 1.210E-01
  2.072880E+00 1.120E-01
  2.161850E+00 1.030E-01
  2.254320E+00 9.520E-02
  2.350430E+00 8.780E-02
  2.450310E+00 8.100E-02
  2.554110E+00 7.470E-02
  2.661980E+00 6.890E-02
  2.686100E+00 6.770E-02
  2.740363E+00 6.376E-02
  2.795721E+00 6.004E-02
  2.852198E+00 5.655E-02
  2.909818E+00 5.325E-02
  2.968600E+00 5.015E-02
  3.028568E+00 4.723E-02
  3.089748E+00 4.448E-02
  3.152166E+00 4.189E-02
  3.215844E+00 3.945E-02
  3.280810E+00 3.715E-02
  3.347086E+00 3.499E-02
  3.414701E+00 3.295E-02
  3.483684E+00 3.103E-02
  3.554058E+00 2.923E-02
  3.625854E+00 2.752E-02
  3.699102E+00 2.592E-02
  3.773829E+00 2.441E-02
  3.850066E+00 2.299E-02
  3.927841E+00 2.165E-02
  4.007191E+00 2.039E-02
  4.088140E+00 1.920E-02
  4.170725E+00 1.809E-02
  4.254981E+00 1.703E-02
  4.340938E+00 1.604E-02
  4.428628E+00 1.511E-02
  4.518094E+00 1.423E-02
  4.609366E+00 1.340E-02
  4.702480E+00 1.262E-02
  4.797478E+00 1.188E-02
  4.894393E+00 1.119E-02
  4.993265E+00 1.054E-02
  5.094136E+00 9.925E-03
  5.197045E+00 9.347E-03
  5.302033E+00 8.803E-03
  5.409142E+00 8.290E-03
  5.518412E+00 7.808E-03
  5.629892E+00 7.353E-03
  5.743623E+00 6.925E-03
  5.859651E+00 6.521E-03
  5.978025E+00 6.142E-03
  6.098787E+00 5.784E-03
  6.221993E+00 5.447E-03
  6.347684E+00 5.130E-03
  6.475916E+00 4.831E-03
  6.606740E+00 4.550E-03
  6.740205E+00 4.285E-03
  6.876366E+00 4.035E-03
  7.015277E+00 3.800E-03
    2    0    0    4
     54    101
  1.780340E-01    0.0050
  1.380740E-01 5.960E+00
  1.460340E-01 5.520E+00
  1.540340E-01 5.110E+00
  1.620340E-01 4.760E+00
  1.700340E-01 4.430E+00
  1.780340E-01 4.140E+00
  1.874510E-01 3.830E+00
  1.972900E-01 3.540E+00
  2.075690E-01 3.270E+00
  2.183060E-01 3.020E+00
  2.295190E-01 2.790E+00
  2.412290E-01 2.580E+00
  2.534560E-01 2.390E+00
  2.662210E-01 2.200E+00
  2.795450E-01 2.040E+00
  2.934530E-01 1.880E+00
  3.079670E-01 1.740E+00
  3.231120E-01 1.610E+00
  3.389150E-01 1.480E+00
  3.554020E-01 1.370E+00
  3.726000E-01 1.270E+00
  3.905390E-01 1.170E+00
  4.092490E-01 1.080E+00
  4.287610E-01 9.990E-01
  4.491080E-01 9.230E-01
  4.703230E-01 8.530E-01
  4.924420E-01 7.870E-01
  5.155020E-01 7.270E-01
  5.395410E-01 6.720E-01
  5.645980E-01 6.200E-01
  5.907150E-01 5.730E-01
  6.179340E-01 5.290E-01
  6.463000E-01 4.890E-01
  6.758600E-01 4.510E-01
  7.066630E-01 4.170E-01
  7.387580E-01 3.850E-01
  7.721970E-01 3.550E-01
  8.070360E-01 3.280E-01
  8.433320E-01 3.030E-01
  8.811420E-01 2.800E-01
  9.205280E-01 2.580E-01
  9.615560E-01 2.380E-01
  1.004290E+00 2.200E-01
  1.048800E+00 2.030E-01
  1.095160E+00 1.880E-01
  1.143440E+00 1.730E-01
  1.193730E+00 1.600E-01
  1.246090E+00 1.480E-01
  1.300630E+00 1.360E-01
  1.357420E+00 1.260E-01
  1.416560E+00 1.160E-01
  1.478150E+00 1.070E-01
  1.542280E+00 9.910E-02
  1.578030E+00 9.500E-02
  1.609908E+00 8.947E-02
  1.642429E+00 8.426E-02
  1.675609E+00 7.935E-02
  1.709459E+00 7.473E-02
  1.743993E+00 7.038E-02
  1.779222E+00 6.628E-02
  1.815165E+00 6.242E-02
  1.851834E+00 5.878E-02
  1.889243E+00 5.536E-02
  1.927410E+00 5.214E-02
  1.966345E+00 4.910E-02
  2.006068E+00 4.624E-02
  2.046594E+00 4.355E-02
  2.087937E+00 4.101E-02
  2.130116E+00 3.862E-02
  2.173148E+00 3.637E-02
  2.217048E+00 3.426E-02
  2.261836E+00 3.226E-02
  2.307528E+00 3.038E-02
  2.354144E+00 2.861E-02
  2.401699E+00 2.695E-02
  2.450216E+00 2.538E-02
  2.499715E+00 2.390E-02
  2.550213E+00 2.251E-02
  2.601729E+00 2.120E-02
  2.654289E+00 1.996E-02
  2.707910E+00 1.880E-02
  2.762612E+00 1.771E-02
  2.818421E+00 1.667E-02
  2.875357E+00 1.570E-02
  2.933442E+00 1.479E-02
  2.992702E+00 1.393E-02
  3.053160E+00 1.312E-02
  3.114838E+00 1.235E-02
  3.177761E+00 1.163E-02
  3.241956E+00 1.096E-02
  3.307448E+00 1.032E-02
  3.374263E+00 9.717E-03
  3.442427E+00 9.151E-03
  3.511970E+00 8.618E-03
  3.582914E+00 8.116E-03
  3.655295E+00 7.644E-03
  3.729136E+00 7.199E-03
  3.804470E+00 6.779E-03
  3.881327E+00 6.385E-03
  3.959735E+00 6.013E-03
  4.039726E+00 5.663E-03
    2    0    0    5
     61     96
  1.213860E-01    0.0050
  9.738588E-02 7.180E+00
  1.053860E-01 6.380E+00
  1.133860E-01 5.700E+00
  1.213860E-01 5.130E+00
  1.274530E-01 4.740E+00
  1.337950E-01 4.380E+00
  1.404230E-01 4.050E+00
  1.473500E-01 3.750E+00
  1.545870E-01 3.460E+00
  1.621480E-01 3.200E+00
  1.700460E-01 2.960E+00
  1.782970E-01 2.730E+00
  1.869130E-01 2.530E+00
  1.959120E-01 2.340E+00
  2.053090E-01 2.160E+00
  2.151200E-01 2.000E+00
  2.253620E-01 1.840E+00
  2.360550E-01 1.700E+00
  2.472170E-01 1.570E+00
  2.588660E-01 1.460E+00
  2.710240E-01 1.350E+00
  2.837120E-01 1.240E+00
  2.969510E-01 1.150E+00
  3.107650E-01 1.060E+00
  3.251780E-01 9.800E-01
  3.402130E-01 9.060E-01
  3.558980E-01 8.370E-01
  3.722580E-01 7.730E-01
  3.893220E-01 7.140E-01
  4.071190E-01 6.600E-01
  4.256790E-01 6.090E-01
  4.450330E-01 5.630E-01
  4.652150E-01 5.200E-01
  4.862590E-01 4.800E-01
  5.082000E-01 4.440E-01
  5.310740E-01 4.100E-01
  5.549210E-01 3.780E-01
  5.797800E-01 3.500E-01
  6.056930E-01 3.230E-01
  6.327040E-01 2.980E-01
  6.608570E-01 2.750E-01
  6.902000E-01 2.540E-01
  7.207800E-01 2.350E-01
  7.526500E-01 2.170E-01
  7.858620E-01 2.000E-01
  8.204720E-01 1.850E-01
  8.565350E-01 1.710E-01
  8.941130E-01 1.580E-01
  9.332670E-01 1.460E-01
  9.740620E-01 1.350E-01
  1.016570E+00 1.240E-01
  1.060850E+00 1.150E-01
  1.106980E+00 1.060E-01
  1.155040E+00 9.790E-02
  1.205110E+00 9.040E-02
  1.257260E+00 8.350E-02
  1.311590E+00 7.710E-02
  1.368190E+00 7.120E-02
  1.427140E+00 6.570E-02
  1.488540E+00 6.070E-02
  1.521390E+00 5.820E-02
  1.552124E+00 5.481E-02
  1.583478E+00 5.162E-02
  1.615466E+00 4.861E-02
  1.648102E+00 4.578E-02
  1.681396E+00 4.312E-02
  1.715362E+00 4.060E-02
  1.750013E+00 3.824E-02
  1.785367E+00 3.601E-02
  1.821433E+00 3.392E-02
  1.858230E+00 3.194E-02
  1.895768E+00 3.008E-02
  1.934065E+00 2.833E-02
  1.973136E+00 2.668E-02
  2.012996E+00 2.513E-02
  2.053660E+00 2.366E-02
  2.095148E+00 2.228E-02
  2.137472E+00 2.099E-02
  2.180653E+00 1.976E-02
  2.224704E+00 1.861E-02
  2.269648E+00 1.753E-02
  2.315496E+00 1.651E-02
  2.362272E+00 1.555E-02
  2.409994E+00 1.464E-02
  2.458679E+00 1.379E-02
  2.508347E+00 1.299E-02
  2.559020E+00 1.223E-02
  2.610716E+00 1.152E-02
  2.663455E+00 1.085E-02
  2.717260E+00 1.022E-02
  2.772153E+00 9.620E-03
  2.828154E+00 9.060E-03
  2.885286E+00 8.533E-03
  2.943573E+00 8.036E-03
  3.003037E+00 7.568E-03
  3.063703E+00 7.127E-03
    2    0    0    6
     68     93
  8.803350E-02    0.0050
  7.203352E-02 8.510E+00
  8.003348E-02 7.200E+00
  8.803362E-02 6.170E+00
  9.225672E-02 5.710E+00
  9.666997E-02 5.280E+00
  1.012820E-01 4.880E+00
  1.061000E-01 4.510E+00
  1.111350E-01 4.170E+00
  1.163950E-01 3.850E+00
  1.218890E-01 3.560E+00
  1.276270E-01 3.300E+00
  1.336220E-01 3.050E+00
  1.398810E-01 2.810E+00
  1.464190E-01 2.600E+00
  1.532450E-01 2.400E+00
  1.603720E-01 2.220E+00
  1.678140E-01 2.050E+00
  1.755830E-01 1.900E+00
  1.836940E-01 1.760E+00
  1.921600E-01 1.620E+00
  2.009970E-01 1.500E+00
  2.102200E-01 1.390E+00
  2.198460E-01 1.280E+00
  2.298910E-01 1.180E+00
  2.403740E-01 1.090E+00
  2.513130E-01 1.010E+00
  2.627260E-01 9.330E-01
  2.746340E-01 8.620E-01
  2.870570E-01 7.960E-01
  3.000180E-01 7.360E-01
  3.135380E-01 6.800E-01
  3.276410E-01 6.280E-01
  3.423510E-01 5.800E-01
  3.576940E-01 5.360E-01
  3.736960E-01 4.950E-01
  3.903850E-01 4.570E-01
  4.077890E-01 4.230E-01
  4.259380E-01 3.900E-01
  4.448630E-01 3.610E-01
  4.645970E-01 3.330E-01
  4.851720E-01 3.080E-01
  5.066240E-01 2.840E-01
  5.289900E-01 2.630E-01
  5.523070E-01 2.430E-01
  5.766150E-01 2.240E-01
  6.019550E-01 2.070E-01
  6.283690E-01 1.910E-01
  6.559030E-01 1.770E-01
  6.846020E-01 1.630E-01
  7.145150E-01 1.510E-01
  7.456920E-01 1.390E-01
  7.781860E-01 1.280E-01
  8.120500E-01 1.190E-01
  8.473410E-01 1.100E-01
  8.841200E-01 1.010E-01
  9.224450E-01 9.350E-02
  9.623830E-01 8.630E-02
  1.004000E+00 7.970E-02
  1.047360E+00 7.360E-02
  1.092550E+00 6.800E-02
  1.139620E+00 6.280E-02
  1.188670E+00 5.800E-02
  1.239780E+00 5.350E-02
  1.293030E+00 4.940E-02
  1.348500E+00 4.570E-02
  1.406290E+00 4.210E-02
  1.466490E+00 3.890E-02
  1.488030E+00 3.790E-02
  1.518090E+00 3.569E-02
  1.548758E+00 3.361E-02
  1.580044E+00 3.166E-02
  1.611964E+00 2.981E-02
  1.644527E+00 2.808E-02
  1.677749E+00 2.644E-02
  1.711641E+00 2.490E-02
  1.746219E+00 2.345E-02
  1.781495E+00 2.209E-02
  1.817485E+00 2.080E-02
  1.854199E+00 1.959E-02
  1.891657E+00 1.845E-02
  1.929872E+00 1.737E-02
  1.968857E+00 1.636E-02
  2.008630E+00 1.541E-02
  2.049208E+00 1.451E-02
  2.090604E+00 1.367E-02
  2.132837E+00 1.287E-02
  2.175922E+00 1.212E-02
  2.219881E+00 1.142E-02
  2.264724E+00 1.075E-02
  2.310474E+00 1.012E-02
  2.357150E+00 9.535E-03
  2.404768E+00 8.980E-03
  2.453346E+00 8.457E-03
    2    0    0    7
     75     89
  6.675428E-02    0.0050
  5.075430E-02 1.140E+01
  5.875430E-02 9.010E+00
  6.675428E-02 7.280E+00
  6.985378E-02 6.730E+00
  7.309198E-02 6.220E+00
  7.647479E-02 5.750E+00
  8.000839E-02 5.320E+00
  8.369929E-02 4.920E+00
  8.755451E-02 4.550E+00
  9.158069E-02 4.200E+00
  9.578568E-02 3.880E+00
  1.001770E-01 3.590E+00
  1.047620E-01 3.320E+00
  1.095500E-01 3.070E+00
  1.145500E-01 2.840E+00
  1.197700E-01 2.620E+00
  1.252200E-01 2.420E+00
  1.309090E-01 2.240E+00
  1.368480E-01 2.070E+00
  1.430480E-01 1.910E+00
  1.495200E-01 1.770E+00
  1.562740E-01 1.630E+00
  1.633250E-01 1.510E+00
  1.706830E-01 1.390E+00
  1.783620E-01 1.290E+00
  1.863760E-01 1.190E+00
  1.947380E-01 1.100E+00
  2.034650E-01 1.020E+00
  2.125700E-01 9.400E-01
  2.220700E-01 8.680E-01
  2.319820E-01 8.020E-01
  2.423240E-01 7.410E-01
  2.531120E-01 6.850E-01
  2.643670E-01 6.330E-01
  2.761080E-01 5.850E-01
  2.883550E-01 5.400E-01
  3.011300E-01 4.990E-01
  3.144550E-01 4.610E-01
  3.283530E-01 4.260E-01
  3.428470E-01 3.930E-01
  3.579640E-01 3.630E-01
  3.737300E-01 3.360E-01
  3.901700E-01 3.100E-01
  4.073140E-01 2.870E-01
  4.251920E-01 2.650E-01
  4.438330E-01 2.450E-01
  4.632700E-01 2.260E-01
  4.835360E-01 2.090E-01
  5.046650E-01 1.930E-01
  5.266950E-01 1.780E-01
  5.496610E-01 1.640E-01
  5.736040E-01 1.520E-01
  5.985630E-01 1.400E-01
  6.245820E-01 1.300E-01
  6.517040E-01 1.200E-01
  6.799760E-01 1.110E-01
  7.094440E-01 1.020E-01
  7.401590E-01 9.430E-02
  7.721720E-01 8.710E-02
  8.055370E-01 8.050E-02
  8.403110E-01 7.430E-02
  8.765520E-01 6.860E-02
  9.143190E-01 6.340E-02
  9.536770E-01 5.860E-02
  9.946920E-01 5.410E-02
  1.037430E+00 4.990E-02
  1.081970E+00 4.610E-02
  1.128370E+00 4.260E-02
  1.176730E+00 3.930E-02
  1.227110E+00 3.630E-02
  1.279600E+00 3.350E-02
  1.334300E+00 3.100E-02
  1.391280E+00 2.860E-02
  1.450640E+00 2.640E-02
  1.466750E+00 2.590E-02
  1.496381E+00 2.439E-02
  1.526608E+00 2.297E-02
  1.557448E+00 2.163E-02
  1.588911E+00 2.037E-02
  1.621010E+00 1.919E-02
  1.653755E+00 1.807E-02
  1.687163E+00 1.702E-02
  1.721247E+00 1.603E-02
  1.756018E+00 1.509E-02
  1.791492E+00 1.421E-02
  1.827682E+00 1.339E-02
  1.864604E+00 1.261E-02
  1.902272E+00 1.187E-02
  1.940701E+00 1.118E-02
    2    0    0    8
     80     89
  5.235260E-02    0.0050
  4.435260E-02 1.130E+01
  5.235260E-02 8.450E+00
  5.472260E-02 7.810E+00
  5.719760E-02 7.220E+00
  5.978210E-02 6.670E+00
  6.248100E-02 6.170E+00
  6.529897E-02 5.700E+00
  6.824160E-02 5.270E+00
  7.131392E-02 4.870E+00
  7.452160E-02 4.500E+00
  7.787049E-02 4.160E+00
  8.136690E-02 3.850E+00
  8.501703E-02 3.550E+00
  8.882731E-02 3.280E+00
  9.280491E-02 3.040E+00
  9.695703E-02 2.810E+00
  1.012910E-01 2.590E+00
  1.058150E-01 2.400E+00
  1.105360E-01 2.220E+00
  1.154640E-01 2.050E+00
  1.206080E-01 1.890E+00
  1.259750E-01 1.750E+00
  1.315770E-01 1.610E+00
  1.374230E-01 1.490E+00
  1.435230E-01 1.380E+00
  1.498890E-01 1.270E+00
  1.565320E-01 1.180E+00
  1.634630E-01 1.090E+00
  1.706940E-01 1.010E+00
  1.782400E-01 9.290E-01
  1.861120E-01 8.590E-01
  1.943250E-01 7.940E-01
  2.028940E-01 7.330E-01
  2.118330E-01 6.780E-01
  2.211580E-01 6.260E-01
  2.308860E-01 5.780E-01
  2.410330E-01 5.340E-01
  2.516170E-01 4.940E-01
  2.626580E-01 4.560E-01
  2.741730E-01 4.210E-01
  2.861840E-01 3.890E-01
  2.987110E-01 3.600E-01
  3.117760E-01 3.320E-01
  3.254010E-01 3.070E-01
  3.396110E-01 2.840E-01
  3.544290E-01 2.620E-01
  3.698820E-01 2.420E-01
  3.859960E-01 2.240E-01
  4.027990E-01 2.070E-01
  4.203200E-01 1.910E-01
  4.385890E-01 1.760E-01
  4.576360E-01 1.630E-01
  4.774970E-01 1.500E-01
  4.982030E-01 1.390E-01
  5.197900E-01 1.280E-01
  5.422960E-01 1.190E-01
  5.657580E-01 1.090E-01
  5.902170E-01 1.010E-01
  6.157140E-01 9.340E-02
  6.422930E-01 8.630E-02
  6.699990E-01 7.970E-02
  6.988780E-01 7.360E-02
  7.289800E-01 6.800E-02
  7.603550E-01 6.280E-02
  7.930570E-01 5.800E-02
  8.271400E-01 5.360E-02
  8.626610E-01 4.950E-02
  8.996820E-01 4.570E-02
  9.382630E-01 4.220E-02
  9.784700E-01 3.900E-02
  1.020370E+00 3.600E-02
  1.064030E+00 3.320E-02
  1.109530E+00 3.070E-02
  1.156940E+00 2.830E-02
  1.206340E+00 2.620E-02
  1.257820E+00 2.420E-02
  1.311450E+00 2.230E-02
  1.367330E+00 2.060E-02
  1.425550E+00 1.900E-02
  1.452350E+00 1.840E-02
  1.481689E+00 1.733E-02
  1.511621E+00 1.632E-02
  1.542157E+00 1.537E-02
  1.573312E+00 1.447E-02
  1.605095E+00 1.363E-02
  1.637519E+00 1.284E-02
  1.670599E+00 1.209E-02
  1.704348E+00 1.139E-02
  1.738777E+00 1.072E-02
    2    0    0    9
     86     87
  4.215470E-02    0.0050
  3.415470E-02 1.330E+01
  4.215470E-02 9.670E+00
  4.402400E-02 8.940E+00
  4.597540E-02 8.260E+00
  4.801230E-02 7.630E+00
  5.013850E-02 7.060E+00
  5.235790E-02 6.520E+00
  5.467450E-02 6.030E+00
  5.709250E-02 5.570E+00
  5.961630E-02 5.150E+00
  6.225050E-02 4.760E+00
  6.499982E-02 4.400E+00
  6.786913E-02 4.060E+00
  7.086378E-02 3.760E+00
  7.398921E-02 3.470E+00
  7.725090E-02 3.210E+00
  8.065468E-02 2.960E+00
  8.420688E-02 2.740E+00
  8.791387E-02 2.530E+00
  9.178209E-02 2.340E+00
  9.581858E-02 2.160E+00
  1.000310E-01 2.000E+00
  1.044260E-01 1.850E+00
  1.090120E-01 1.710E+00
  1.137970E-01 1.580E+00
  1.187900E-01 1.460E+00
  1.239990E-01 1.350E+00
  1.294340E-01 1.240E+00
  1.351050E-01 1.150E+00
  1.410210E-01 1.060E+00
  1.471930E-01 9.810E-01
  1.536320E-01 9.060E-01
  1.603500E-01 8.380E-01
  1.673570E-01 7.740E-01
  1.746670E-01 7.150E-01
  1.822930E-01 6.610E-01
  1.902480E-01 6.100E-01
  1.985460E-01 5.640E-01
  2.072010E-01 5.210E-01
  2.162290E-01 4.820E-01
  2.256450E-01 4.450E-01
  2.354670E-01 4.110E-01
  2.457110E-01 3.800E-01
  2.563950E-01 3.510E-01
  2.675370E-01 3.240E-01
  2.791580E-01 2.990E-01
  2.912780E-01 2.770E-01
  3.039170E-01 2.560E-01
  3.170980E-01 2.360E-01
  3.308430E-01 2.180E-01
  3.451760E-01 2.010E-01
  3.601230E-01 1.860E-01
  3.757080E-01 1.720E-01
  3.919600E-01 1.590E-01
  4.089050E-01 1.470E-01
  4.265740E-01 1.360E-01
  4.449960E-01 1.250E-01
  4.642030E-01 1.160E-01
  4.842290E-01 1.070E-01
  5.051070E-01 9.870E-02
  5.268740E-01 9.120E-02
  5.495660E-01 8.420E-02
  5.732230E-01 7.780E-02
  5.978850E-01 7.190E-02
  6.235940E-01 6.640E-02
  6.503940E-01 6.130E-02
  6.783300E-01 5.660E-02
  7.074500E-01 5.230E-02
  7.378030E-01 4.830E-02
  7.694410E-01 4.460E-02
  8.024180E-01 4.120E-02
  8.367890E-01 3.810E-02
  8.726120E-01 3.520E-02
  9.099470E-01 3.250E-02
  9.488580E-01 3.000E-02
  9.894110E-01 2.770E-02
  1.031670E+00 2.560E-02
  1.075710E+00 2.360E-02
  1.121610E+00 2.180E-02
  1.169440E+00 2.010E-02
  1.219280E+00 1.860E-02
  1.271210E+00 1.720E-02
  1.325320E+00 1.590E-02
  1.381700E+00 1.470E-02
  1.440450E+00 1.350E-02
  1.442150E+00 1.350E-02
  1.471284E+00 1.271E-02
    2    1    1    1
     56     98
  1.045890E+00    0.0050
  1.005930E+00 4.320E+00
  1.013880E+00 4.220E+00
  1.021880E+00 4.130E+00
  1.029890E+00 4.040E+00
  1.037880E+00 3.950E+00
  1.045890E+00 3.860E+00
  1.077440E+00 3.540E+00
  1.109870E+00 3.250E+00
  1.143210E+00 2.980E+00
  1.177470E+00 2.740E+00
  1.212680E+00 2.510E+00
  1.248860E+00 2.300E+00
  1.286040E+00 2.110E+00
  1.324240E+00 1.940E+00
  1.363480E+00 1.780E+00
  1.403800E+00 1.630E+00
  1.445210E+00 1.500E+00
  1.487760E+00 1.370E+00
  1.531450E+00 1.260E+00
  1.576330E+00 1.160E+00
  1.622420E+00 1.060E+00
  1.669750E+00 9.720E-01
  1.718360E+00 8.920E-01
  1.768270E+00 8.180E-01
  1.819510E+00 7.500E-01
  1.872110E+00 6.880E-01
  1.926120E+00 6.310E-01
  1.981560E+00 5.780E-01
  2.038470E+00 5.300E-01
  2.096880E+00 4.860E-01
  2.156830E+00 4.460E-01
  2.218360E+00 4.090E-01
  2.281500E+00 3.750E-01
  2.346280E+00 3.440E-01
  2.412770E+00 3.150E-01
  2.480980E+00 2.890E-01
  2.550960E+00 2.650E-01
  2.622760E+00 2.430E-01
  2.696410E+00 2.230E-01
  2.771960E+00 2.040E-01
  2.849450E+00 1.870E-01
  2.928930E+00 1.710E-01
  3.010450E+00 1.570E-01
  3.094040E+00 1.440E-01
  3.179770E+00 1.320E-01
  3.267670E+00 1.210E-01
  3.357810E+00 1.110E-01
  3.450220E+00 1.020E-01
  3.544960E+00 9.310E-02
  3.642090E+00 8.540E-02
  3.741660E+00 7.820E-02
  3.843730E+00 7.170E-02
  3.948340E+00 6.570E-02
  4.055560E+00 6.020E-02
  4.165450E+00 5.510E-02
  4.245880E+00 5.180E-02
  4.331654E+00 4.878E-02
  4.419156E+00 4.594E-02
  4.508429E+00 4.327E-02
  4.599507E+00 4.075E-02
  4.692424E+00 3.837E-02
  4.787215E+00 3.614E-02
  4.883923E+00 3.404E-02
  4.982585E+00 3.205E-02
  5.083240E+00 3.019E-02
  5.185931E+00 2.843E-02
  5.290691E+00 2.677E-02
  5.397570E+00 2.521E-02
  5.506610E+00 2.375E-02
  5.617849E+00 2.236E-02
  5.731336E+00 2.106E-02
  5.847118E+00 1.983E-02
  5.965238E+00 1.868E-02
  6.085745E+00 1.759E-02
  6.208682E+00 1.657E-02
  6.334110E+00 1.560E-02
  6.462065E+00 1.469E-02
  6.592607E+00 1.384E-02
  6.725788E+00 1.303E-02
  6.861658E+00 1.227E-02
  7.000270E+00 1.156E-02
  7.141688E+00 1.089E-02
  7.285960E+00 1.025E-02
  7.433145E+00 9.654E-03
  7.583304E+00 9.092E-03
  7.736497E+00 8.562E-03
  7.892784E+00 8.064E-03
  8.052229E+00 7.594E-03
  8.214896E+00 7.152E-03
  8.380849E+00 6.735E-03
  8.550153E+00 6.343E-03
  8.722876E+00 5.974E-03
  8.899092E+00 5.626E-03
  9.078863E+00 5.298E-03
  9.262267E+00 4.990E-03
  9.449380E+00 4.699E-03
  9.640267E+00 4.426E-03
  9.835017E+00 4.168E-03
    2    1    1    2
     72     90
  4.585930E-01    0.0050
  4.186330E-01 8.750E+00
  4.265930E-01 8.380E+00
  4.345930E-01 8.040E+00
  4.425930E-01 7.710E+00
  4.505930E-01 7.400E+00
  4.585930E-01 7.100E+00
  4.756710E-01 6.530E+00
  4.932820E-01 6.000E+00
  5.114390E-01 5.510E+00
  5.301590E-01 5.060E+00
  5.494540E-01 4.650E+00
  5.693420E-01 4.270E+00
  5.898370E-01 3.930E+00
  6.109550E-01 3.610E+00
  6.327130E-01 3.310E+00
  6.551270E-01 3.040E+00
  6.782140E-01 2.790E+00
  7.019920E-01 2.570E+00
  7.264790E-01 2.360E+00
  7.516920E-01 2.160E+00
  7.776500E-01 1.990E+00
  8.043740E-01 1.820E+00
  8.318810E-01 1.680E+00
  8.601920E-01 1.540E+00
  8.893280E-01 1.410E+00
  9.193080E-01 1.300E+00
  9.501550E-01 1.190E+00
  9.818910E-01 1.090E+00
  1.014540E+00 1.000E+00
  1.048120E+00 9.200E-01
  1.082650E+00 8.440E-01
  1.118170E+00 7.750E-01
  1.154690E+00 7.110E-01
  1.192240E+00 6.520E-01
  1.230840E+00 5.990E-01
  1.270530E+00 5.490E-01
  1.311320E+00 5.040E-01
  1.353250E+00 4.620E-01
  1.396340E+00 4.240E-01
  1.440610E+00 3.890E-01
  1.486110E+00 3.570E-01
  1.532860E+00 3.270E-01
  1.580880E+00 3.000E-01
  1.630220E+00 2.760E-01
  1.680890E+00 2.530E-01
  1.732940E+00 2.320E-01
  1.786390E+00 2.130E-01
  1.841290E+00 1.950E-01
  1.897650E+00 1.790E-01
  1.955530E+00 1.640E-01
  2.014940E+00 1.500E-01
  2.075940E+00 1.380E-01
  2.138560E+00 1.270E-01
  2.202830E+00 1.160E-01
  2.268790E+00 1.060E-01
  2.336490E+00 9.750E-02
  2.405960E+00 8.940E-02
  2.477250E+00 8.200E-02
  2.550400E+00 7.520E-02
  2.625440E+00 6.890E-02
  2.702430E+00 6.310E-02
  2.781410E+00 5.790E-02
  2.862420E+00 5.310E-02
  2.945520E+00 4.860E-02
  3.030740E+00 4.460E-02
  3.118140E+00 4.090E-02
  3.207770E+00 3.750E-02
  3.299680E+00 3.430E-02
  3.393910E+00 3.150E-02
  3.490530E+00 2.880E-02
  3.589580E+00 2.640E-02
  3.658590E+00 2.490E-02
  3.732499E+00 2.345E-02
  3.807899E+00 2.208E-02
  3.884823E+00 2.080E-02
  3.963304E+00 1.959E-02
  4.043368E+00 1.845E-02
  4.125048E+00 1.737E-02
  4.208379E+00 1.636E-02
  4.293394E+00 1.541E-02
  4.380126E+00 1.451E-02
  4.468614E+00 1.367E-02
  4.558884E+00 1.287E-02
  4.650978E+00 1.212E-02
  4.744936E+00 1.141E-02
  4.840789E+00 1.075E-02
  4.938578E+00 1.012E-02
  5.038345E+00 9.534E-03
  5.140126E+00 8.979E-03
  5.243965E+00 8.456E-03
    2    1    1    3
     85     85
  2.560260E-01    0.0050
  2.160660E-01 1.510E+01
  2.240260E-01 1.400E+01
  2.320260E-01 1.300E+01
  2.400260E-01 1.210E+01
  2.480260E-01 1.130E+01
  2.560260E-01 1.050E+01
  2.660870E-01 9.680E+00
  2.764970E-01 8.910E+00
  2.872660E-01 8.200E+00
  2.984040E-01 7.540E+00
  3.099220E-01 6.940E+00
  3.218310E-01 6.380E+00
  3.341430E-01 5.870E+00
  3.468690E-01 5.400E+00
  3.600220E-01 4.970E+00
  3.736130E-01 4.570E+00
  3.876550E-01 4.200E+00
  4.021620E-01 3.860E+00
  4.171450E-01 3.550E+00
  4.326200E-01 3.270E+00
  4.485980E-01 3.000E+00
  4.650950E-01 2.760E+00
  4.821250E-01 2.540E+00
  4.997020E-01 2.330E+00
  5.178420E-01 2.150E+00
  5.365600E-01 1.970E+00
  5.558720E-01 1.810E+00
  5.757940E-01 1.660E+00
  5.963430E-01 1.530E+00
  6.175350E-01 1.410E+00
  6.393890E-01 1.290E+00
  6.619200E-01 1.190E+00
  6.851480E-01 1.090E+00
  7.090910E-01 1.000E+00
  7.337680E-01 9.200E-01
  7.591980E-01 8.450E-01
  7.854010E-01 7.770E-01
  8.123960E-01 7.130E-01
  8.402060E-01 6.550E-01
  8.688490E-01 6.020E-01
  8.983490E-01 5.530E-01
  9.287270E-01 5.070E-01
  9.600050E-01 4.660E-01
  9.922060E-01 4.280E-01
  1.025350E+00 3.930E-01
  1.059470E+00 3.600E-01
  1.094590E+00 3.310E-01
  1.130720E+00 3.040E-01
  1.167900E+00 2.790E-01
  1.206140E+00 2.560E-01
  1.245490E+00 2.350E-01
  1.285960E+00 2.160E-01
  1.327580E+00 1.980E-01
  1.370390E+00 1.820E-01
  1.414400E+00 1.670E-01
  1.459650E+00 1.530E-01
  1.506170E+00 1.400E-01
  1.553980E+00 1.290E-01
  1.603130E+00 1.180E-01
  1.653640E+00 1.080E-01
  1.705540E+00 9.940E-02
  1.758870E+00 9.120E-02
  1.813660E+00 8.360E-02
  1.869940E+00 7.670E-02
  1.927760E+00 7.040E-02
  1.987130E+00 6.450E-02
  2.048120E+00 5.920E-02
  2.110740E+00 5.430E-02
  2.175040E+00 4.980E-02
  2.241050E+00 4.570E-02
  2.308820E+00 4.190E-02
  2.378380E+00 3.840E-02
  2.449780E+00 3.520E-02
  2.523060E+00 3.230E-02
  2.598250E+00 2.960E-02
  2.675410E+00 2.710E-02
  2.754580E+00 2.490E-02
  2.835800E+00 2.280E-02
  2.919120E+00 2.090E-02
  3.004580E+00 1.920E-02
  3.092230E+00 1.750E-02
  3.182130E+00 1.610E-02
  3.274310E+00 1.470E-02
  3.368830E+00 1.350E-02
  3.456030E+00 1.250E-02
    2    1    1    4
     96     96
  1.630950E-01    0.0050
  1.231360E-01 2.550E+01
  1.310960E-01 2.240E+01
  1.390950E-01 1.980E+01
  1.470960E-01 1.760E+01
  1.550960E-01 1.580E+01
  1.630950E-01 1.420E+01
  1.695780E-01 1.310E+01
  1.763000E-01 1.210E+01
  1.832670E-01 1.110E+01
  1.904880E-01 1.020E+01
  1.979710E-01 9.430E+00
  2.057240E-01 8.690E+00
  2.137570E-01 8.000E+00
  2.220770E-01 7.360E+00
  2.306940E-01 6.780E+00
  2.396180E-01 6.240E+00
  2.488570E-01 5.750E+00
  2.584210E-01 5.290E+00
  2.683220E-01 4.870E+00
  2.785680E-01 4.480E+00
  2.891710E-01 4.120E+00
  3.001410E-01 3.800E+00
  3.114890E-01 3.490E+00
  3.232270E-01 3.210E+00
  3.353670E-01 2.960E+00
  3.479190E-01 2.720E+00
  3.608980E-01 2.500E+00
  3.743140E-01 2.300E+00
  3.881810E-01 2.120E+00
  4.025120E-01 1.950E+00
  4.173210E-01 1.790E+00
  4.326210E-01 1.650E+00
  4.484260E-01 1.510E+00
  4.647510E-01 1.390E+00
  4.816100E-01 1.280E+00
  4.990180E-01 1.180E+00
  5.169920E-01 1.080E+00
  5.355470E-01 9.950E-01
  5.546980E-01 9.150E-01
  5.744630E-01 8.410E-01
  5.948580E-01 7.730E-01
  6.159010E-01 7.100E-01
  6.376090E-01 6.530E-01
  6.600000E-01 6.000E-01
  6.830930E-01 5.510E-01
  7.069060E-01 5.060E-01
  7.314590E-01 4.650E-01
  7.567720E-01 4.280E-01
  7.828650E-01 3.930E-01
  8.097570E-01 3.610E-01
  8.374700E-01 3.310E-01
  8.660270E-01 3.040E-01
  8.954470E-01 2.800E-01
  9.257540E-01 2.570E-01
  9.569710E-01 2.360E-01
  9.891200E-01 2.160E-01
  1.022230E+00 1.990E-01
  1.056310E+00 1.830E-01
  1.091400E+00 1.680E-01
  1.127530E+00 1.540E-01
  1.164710E+00 1.410E-01
  1.202970E+00 1.300E-01
  1.242340E+00 1.190E-01
  1.282850E+00 1.090E-01
  1.324520E+00 1.000E-01
  1.367390E+00 9.210E-02
  1.411470E+00 8.450E-02
  1.456810E+00 7.750E-02
  1.503440E+00 7.110E-02
  1.551370E+00 6.530E-02
  1.600650E+00 5.990E-02
  1.651300E+00 5.490E-02
  1.703370E+00 5.040E-02
  1.756870E+00 4.630E-02
  1.811850E+00 4.240E-02
  1.868340E+00 3.890E-02
  1.926380E+00 3.570E-02
  1.985990E+00 3.270E-02
  2.047220E+00 3.000E-02
  2.110110E+00 2.750E-02
  2.174690E+00 2.530E-02
  2.241000E+00 2.320E-02
  2.309080E+00 2.120E-02
  2.378970E+00 1.950E-02
  2.450700E+00 1.790E-02
  2.524330E+00 1.640E-02
  2.599900E+00 1.500E-02
  2.677440E+00 1.380E-02
  2.757000E+00 1.260E-02
  2.838630E+00 1.160E-02
  2.922360E+00 1.060E-02
  3.008260E+00 9.710E-03
  3.096350E+00 8.910E-03
  3.186700E+00 8.160E-03
  3.279340E+00 7.480E-03
  3.363100E+00 6.930E-03
    2    1    1    5
    121    121
  1.129050E-01    0.0050
  8.890468E-02 2.990E+01
  9.690470E-02 2.510E+01
  1.049050E-01 2.130E+01
  1.129050E-01 1.830E+01
  1.173830E-01 1.680E+01
  1.220310E-01 1.550E+01
  1.268550E-01 1.430E+01
  1.318610E-01 1.320E+01
  1.370550E-01 1.210E+01
  1.424440E-01 1.120E+01
  1.480340E-01 1.030E+01
  1.538320E-01 9.490E+00
  1.598450E-01 8.740E+00
  1.660790E-01 8.060E+00
  1.725440E-01 7.420E+00
  1.792450E-01 6.840E+00
  1.861920E-01 6.300E+00
  1.933910E-01 5.800E+00
  2.008520E-01 5.340E+00
  2.085820E-01 4.920E+00
  2.165900E-01 4.530E+00
  2.248860E-01 4.170E+00
  2.334780E-01 3.840E+00
  2.423760E-01 3.530E+00
  2.515900E-01 3.250E+00
  2.611290E-01 2.990E+00
  2.710030E-01 2.760E+00
  2.812230E-01 2.540E+00
  2.918000E-01 2.340E+00
  3.027450E-01 2.150E+00
  3.140680E-01 1.980E+00
  3.257820E-01 1.820E+00
  3.378980E-01 1.680E+00
  3.504280E-01 1.540E+00
  3.633850E-01 1.420E+00
  3.767810E-01 1.300E+00
  3.906290E-01 1.200E+00
  4.049430E-01 1.100E+00
  4.197370E-01 1.020E+00
  4.350230E-01 9.330E-01
  4.508170E-01 8.590E-01
  4.671330E-01 7.890E-01
  4.839860E-01 7.260E-01
  5.013920E-01 6.680E-01
  5.193660E-01 6.140E-01
  5.379230E-01 5.640E-01
  5.570820E-01 5.190E-01
  5.768570E-01 4.770E-01
  5.972670E-01 4.380E-01
  6.183280E-01 4.030E-01
  6.400590E-01 3.700E-01
  6.624790E-01 3.400E-01
  6.856050E-01 3.130E-01
  7.094560E-01 2.870E-01
  7.340530E-01 2.640E-01
  7.594160E-01 2.430E-01
  7.855630E-01 2.230E-01
  8.125180E-01 2.050E-01
  8.403000E-01 1.880E-01
  8.689310E-01 1.730E-01
  8.984330E-01 1.590E-01
  9.288300E-01 1.460E-01
  9.601440E-01 1.340E-01
  9.923980E-01 1.230E-01
  1.025620E+00 1.130E-01
  1.059820E+00 1.040E-01
  1.095050E+00 9.520E-02
  1.131310E+00 8.740E-02
  1.168640E+00 8.030E-02
  1.207060E+00 7.370E-02
  1.246590E+00 6.760E-02
  1.287280E+00 6.210E-02
  1.329140E+00 5.700E-02
  1.372200E+00 5.230E-02
  1.416500E+00 4.800E-02
  1.462060E+00 4.410E-02
  1.508910E+00 4.040E-02
  1.557080E+00 3.710E-02
  1.606610E+00 3.400E-02
  1.657530E+00 3.120E-02
  1.709870E+00 2.870E-02
  1.763660E+00 2.630E-02
  1.818940E+00 2.410E-02
  1.875740E+00 2.210E-02
  1.934100E+00 2.030E-02
  1.994050E+00 1.860E-02
  2.055630E+00 1.710E-02
  2.118880E+00 1.570E-02
  2.183830E+00 1.440E-02
  2.250530E+00 1.320E-02
  2.319000E+00 1.210E-02
  2.389300E+00 1.110E-02
  2.461460E+00 1.020E-02
  2.535530E+00 9.310E-03
  2.611540E+00 8.530E-03
  2.689540E+00 7.820E-03
  2.769580E+00 7.170E-03
  2.851690E+00 6.570E-03
  2.935920E+00 6.020E-03
  3.022320E+00 5.520E-03
  3.110940E+00 5.060E-03
  3.201810E+00 4.640E-03
  3.295000E+00 4.250E-03
  3.390540E+00 3.900E-03
  3.488500E+00 3.570E-03
  3.588910E+00 3.270E-03
  3.691830E+00 3.000E-03
  3.797320E+00 2.750E-03
  3.905420E+00 2.520E-03
  4.016200E+00 2.310E-03
  4.129700E+00 2.110E-03
  4.245980E+00 1.930E-03
  4.365100E+00 1.770E-03
  4.487110E+00 1.620E-03
  4.612080E+00 1.490E-03
  4.740070E+00 1.360E-03
  4.871130E+00 1.250E-03
  5.005330E+00 1.140E-03
  5.142720E+00 1.050E-03
  5.283380E+00 9.570E-04
  5.312910E+00 9.400E-04
    2    1    1    6
    128    128
  8.276272E-02    0.0050
  6.676269E-02 3.530E+01
  7.476258E-02 2.790E+01
  8.276272E-02 2.260E+01
  8.602113E-02 2.080E+01
  8.940548E-02 1.920E+01
  9.292018E-02 1.770E+01
  9.657007E-02 1.630E+01
  1.003600E-01 1.510E+01
  1.042950E-01 1.390E+01
  1.083790E-01 1.280E+01
  1.126200E-01 1.180E+01
  1.170210E-01 1.090E+01
  1.215880E-01 1.000E+01
  1.263280E-01 9.230E+00
  1.312470E-01 8.510E+00
  1.363490E-01 7.840E+00
  1.416420E-01 7.220E+00
  1.471330E-01 6.650E+00
  1.528280E-01 6.130E+00
  1.587330E-01 5.650E+00
  1.648570E-01 5.200E+00
  1.712060E-01 4.790E+00
  1.777880E-01 4.410E+00
  1.846100E-01 4.070E+00
  1.916810E-01 3.740E+00
  1.990090E-01 3.450E+00
  2.066020E-01 3.180E+00
  2.144680E-01 2.930E+00
  2.226170E-01 2.690E+00
  2.310580E-01 2.480E+00
  2.397990E-01 2.280E+00
  2.488520E-01 2.100E+00
  2.582240E-01 1.940E+00
  2.679270E-01 1.780E+00
  2.779720E-01 1.640E+00
  2.883670E-01 1.510E+00
  2.991250E-01 1.390E+00
  3.102560E-01 1.280E+00
  3.217730E-01 1.180E+00
  3.336860E-01 1.080E+00
  3.460080E-01 9.960E-01
  3.587510E-01 9.160E-01
  3.719280E-01 8.430E-01
  3.855520E-01 7.760E-01
  3.996360E-01 7.140E-01
  4.141930E-01 6.560E-01
  4.292380E-01 6.040E-01
  4.447840E-01 5.550E-01
  4.608470E-01 5.110E-01
  4.774410E-01 4.700E-01
  4.945810E-01 4.320E-01
  5.122840E-01 3.970E-01
  5.305640E-01 3.650E-01
  5.494390E-01 3.360E-01
  5.689250E-01 3.090E-01
  5.890390E-01 2.840E-01
  6.097990E-01 2.610E-01
  6.312220E-01 2.400E-01
  6.533270E-01 2.200E-01
  6.761320E-01 2.020E-01
  6.996570E-01 1.860E-01
  7.239210E-01 1.710E-01
  7.489430E-01 1.570E-01
  7.747440E-01 1.440E-01
  8.013460E-01 1.330E-01
  8.287680E-01 1.220E-01
  8.570330E-01 1.120E-01
  8.861630E-01 1.030E-01
  9.161800E-01 9.440E-02
  9.471070E-01 8.670E-02
  9.789680E-01 7.970E-02
  1.011790E+00 7.320E-02
  1.045590E+00 6.720E-02
  1.080390E+00 6.170E-02
  1.116230E+00 5.670E-02
  1.153130E+00 5.200E-02
  1.191120E+00 4.770E-02
  1.230210E+00 4.380E-02
  1.270450E+00 4.020E-02
  1.311850E+00 3.690E-02
  1.354450E+00 3.390E-02
  1.398270E+00 3.110E-02
  1.443350E+00 2.860E-02
  1.489710E+00 2.620E-02
  1.537390E+00 2.410E-02
  1.586410E+00 2.210E-02
  1.636820E+00 2.030E-02
  1.688630E+00 1.860E-02
  1.741900E+00 1.710E-02
  1.796640E+00 1.560E-02
  1.852890E+00 1.440E-02
  1.910690E+00 1.320E-02
  1.970070E+00 1.210E-02
  2.031080E+00 1.110E-02
  2.093740E+00 1.020E-02
  2.158100E+00 9.310E-03
  2.224190E+00 8.540E-03
  2.292050E+00 7.830E-03
  2.361720E+00 7.180E-03
  2.433250E+00 6.580E-03
  2.506670E+00 6.040E-03
  2.582020E+00 5.540E-03
  2.659360E+00 5.080E-03
  2.738710E+00 4.650E-03
  2.820120E+00 4.260E-03
  2.903650E+00 3.910E-03
  2.989330E+00 3.580E-03
  3.077210E+00 3.280E-03
  3.167340E+00 3.010E-03
  3.259770E+00 2.760E-03
  3.354540E+00 2.530E-03
  3.451700E+00 2.320E-03
  3.551310E+00 2.120E-03
  3.653410E+00 1.940E-03
  3.758070E+00 1.780E-03
  3.865320E+00 1.630E-03
  3.975220E+00 1.500E-03
  4.087830E+00 1.370E-03
  4.203210E+00 1.260E-03
  4.321400E+00 1.150E-03
  4.442470E+00 1.050E-03
  4.566470E+00 9.650E-04
  4.693470E+00 8.840E-04
  4.823520E+00 8.090E-04
  4.956690E+00 7.410E-04
  5.093030E+00 6.790E-04
  5.232610E+00 6.210E-04
  5.282760E+00 6.020E-04
    2    1    1    7
    134    134
  6.325710E-02    0.0050
  5.525710E-02 3.610E+01
  6.325710E-02 2.730E+01
  6.572598E-02 2.510E+01
  6.829119E-02 2.320E+01
  7.095617E-02 2.140E+01
  7.372481E-02 1.970E+01
  7.660079E-02 1.820E+01
  7.958817E-02 1.680E+01
  8.269101E-02 1.540E+01
  8.591342E-02 1.420E+01
  8.925968E-02 1.310E+01
  9.273458E-02 1.210E+01
  9.634268E-02 1.120E+01
  1.000890E-01 1.030E+01
  1.039770E-01 9.480E+00
  1.080140E-01 8.740E+00
  1.122040E-01 8.060E+00
  1.165520E-01 7.430E+00
  1.210650E-01 6.840E+00
  1.257470E-01 6.310E+00
  1.306050E-01 5.810E+00
  1.356460E-01 5.350E+00
  1.408740E-01 4.940E+00
  1.462970E-01 4.550E+00
  1.519210E-01 4.190E+00
  1.577530E-01 3.860E+00
  1.638010E-01 3.560E+00
  1.700710E-01 3.270E+00
  1.765700E-01 3.020E+00
  1.833080E-01 2.780E+00
  1.902910E-01 2.560E+00
  1.975270E-01 2.360E+00
  2.050250E-01 2.170E+00
  2.127940E-01 2.000E+00
  2.208410E-01 1.840E+00
  2.291770E-01 1.690E+00
  2.378110E-01 1.560E+00
  2.467510E-01 1.440E+00
  2.560090E-01 1.320E+00
  2.655930E-01 1.220E+00
  2.755140E-01 1.120E+00
  2.857830E-01 1.030E+00
  2.964110E-01 9.500E-01
  3.074080E-01 8.740E-01
  3.187860E-01 8.040E-01
  3.305570E-01 7.400E-01
  3.427320E-01 6.810E-01
  3.553250E-01 6.270E-01
  3.683470E-01 5.760E-01
  3.818120E-01 5.300E-01
  3.957320E-01 4.880E-01
  4.101220E-01 4.490E-01
  4.249940E-01 4.130E-01
  4.403640E-01 3.800E-01
  4.562450E-01 3.490E-01
  4.726530E-01 3.210E-01
  4.896030E-01 2.950E-01
  5.071100E-01 2.720E-01
  5.251910E-01 2.500E-01
  5.438610E-01 2.300E-01
  5.631370E-01 2.110E-01
  5.830370E-01 1.940E-01
  6.035770E-01 1.780E-01
  6.247750E-01 1.640E-01
  6.466500E-01 1.510E-01
  6.692210E-01 1.380E-01
  6.925060E-01 1.270E-01
  7.165240E-01 1.170E-01
  7.412960E-01 1.080E-01
  7.668410E-01 9.880E-02
  7.931810E-01 9.070E-02
  8.203370E-01 8.340E-02
  8.483300E-01 7.660E-02
  8.771810E-01 7.040E-02
  9.069150E-01 6.460E-02
  9.375530E-01 5.940E-02
  9.691190E-01 5.450E-02
  1.001640E+00 5.010E-02
  1.035130E+00 4.600E-02
  1.069630E+00 4.220E-02
  1.105150E+00 3.880E-02
  1.141720E+00 3.560E-02
  1.179380E+00 3.270E-02
  1.218130E+00 3.000E-02
  1.258030E+00 2.760E-02
  1.299080E+00 2.530E-02
  1.341320E+00 2.320E-02
  1.384780E+00 2.130E-02
  1.429490E+00 1.960E-02
  1.475480E+00 1.790E-02
  1.522780E+00 1.650E-02
  1.571410E+00 1.510E-02
  1.621420E+00 1.390E-02
  1.672840E+00 1.270E-02
  1.725690E+00 1.170E-02
  1.780010E+00 1.070E-02
  1.835840E+00 9.830E-03
  1.893220E+00 9.020E-03
  1.952160E+00 8.270E-03
  2.012720E+00 7.590E-03
  2.074930E+00 6.960E-03
  2.138830E+00 6.380E-03
  2.204450E+00 5.850E-03
  2.271840E+00 5.370E-03
  2.341030E+00 4.920E-03
  2.412060E+00 4.510E-03
  2.484980E+00 4.140E-03
  2.559820E+00 3.790E-03
  2.636640E+00 3.480E-03
  2.715460E+00 3.190E-03
  2.796340E+00 2.920E-03
  2.879330E+00 2.680E-03
  2.964450E+00 2.460E-03
  3.051770E+00 2.250E-03
  3.141330E+00 2.060E-03
  3.233170E+00 1.890E-03
  3.327350E+00 1.730E-03
  3.423910E+00 1.590E-03
  3.522910E+00 1.450E-03
  3.624390E+00 1.330E-03
  3.728410E+00 1.220E-03
  3.835010E+00 1.120E-03
  3.944260E+00 1.020E-03
  4.056200E+00 9.390E-04
  4.170900E+00 8.600E-04
  4.288400E+00 7.880E-04
  4.408760E+00 7.220E-04
  4.532050E+00 6.610E-04
  4.658320E+00 6.060E-04
  4.787630E+00 5.550E-04
  4.920030E+00 5.080E-04
  5.055600E+00 4.650E-04
  5.194400E+00 4.260E-04
  5.263260E+00 4.080E-04
    2    1    1    8
    140    140
  4.991440E-02    0.0050
  4.191440E-02 4.660E+01
  4.991440E-02 3.220E+01
  5.184460E-02 2.970E+01
  5.385030E-02 2.740E+01
  5.593460E-02 2.530E+01
  5.810040E-02 2.330E+01
  6.035070E-02 2.150E+01
  6.268883E-02 1.980E+01
  6.511790E-02 1.830E+01
  6.764138E-02 1.690E+01
  7.026291E-02 1.550E+01
  7.298589E-02 1.430E+01
  7.581443E-02 1.320E+01
  7.875198E-02 1.220E+01
  8.180290E-02 1.120E+01
  8.497119E-02 1.040E+01
  8.826113E-02 9.550E+00
  9.167713E-02 8.800E+00
  9.522372E-02 8.110E+00
  9.890562E-02 7.480E+00
  1.027280E-01 6.890E+00
  1.066950E-01 6.350E+00
  1.108130E-01 5.860E+00
  1.150860E-01 5.400E+00
  1.195210E-01 4.970E+00
  1.241220E-01 4.580E+00
  1.288960E-01 4.230E+00
  1.338480E-01 3.890E+00
  1.389860E-01 3.590E+00
  1.443150E-01 3.310E+00
  1.498410E-01 3.050E+00
  1.555720E-01 2.810E+00
  1.615140E-01 2.580E+00
  1.676750E-01 2.380E+00
  1.740620E-01 2.190E+00
  1.806820E-01 2.020E+00
  1.875440E-01 1.860E+00
  1.946550E-01 1.710E+00
  2.020240E-01 1.580E+00
  2.096580E-01 1.450E+00
  2.175670E-01 1.340E+00
  2.257600E-01 1.230E+00
  2.342460E-01 1.140E+00
  2.430330E-01 1.050E+00
  2.521330E-01 9.620E-01
  2.615540E-01 8.850E-01
  2.713070E-01 8.150E-01
  2.814020E-01 7.500E-01
  2.918510E-01 6.910E-01
  3.026630E-01 6.360E-01
  3.138510E-01 5.850E-01
  3.254260E-01 5.380E-01
  3.374000E-01 4.950E-01
  3.497840E-01 4.560E-01
  3.625920E-01 4.190E-01
  3.758360E-01 3.860E-01
  3.895300E-01 3.550E-01
  4.036860E-01 3.260E-01
  4.183180E-01 3.000E-01
  4.334410E-01 2.760E-01
  4.490680E-01 2.540E-01
  4.652150E-01 2.340E-01
  4.818970E-01 2.150E-01
  4.991280E-01 1.980E-01
  5.169260E-01 1.820E-01
  5.353050E-01 1.670E-01
  5.542830E-01 1.540E-01
  5.738760E-01 1.410E-01
  5.941010E-01 1.300E-01
  6.149770E-01 1.190E-01
  6.365220E-01 1.100E-01
  6.587530E-01 1.010E-01
  6.816900E-01 9.270E-02
  7.053510E-01 8.520E-02
  7.297570E-01 7.820E-02
  7.549280E-01 7.190E-02
  7.808840E-01 6.610E-02
  8.076460E-01 6.070E-02
  8.352360E-01 5.580E-02
  8.636760E-01 5.120E-02
  8.929870E-01 4.710E-02
  9.231930E-01 4.320E-02
  9.543160E-01 3.970E-02
  9.863810E-01 3.650E-02
  1.019410E+00 3.350E-02
  1.053430E+00 3.080E-02
  1.088470E+00 2.830E-02
  1.124550E+00 2.590E-02
  1.161700E+00 2.380E-02
  1.199940E+00 2.190E-02
  1.239300E+00 2.010E-02
  1.279810E+00 1.840E-02
  1.321500E+00 1.690E-02
  1.364400E+00 1.550E-02
  1.408530E+00 1.420E-02
  1.453920E+00 1.310E-02
  1.500620E+00 1.200E-02
  1.548640E+00 1.100E-02
  1.598020E+00 1.010E-02
  1.648790E+00 9.280E-03
  1.700990E+00 8.510E-03
  1.754650E+00 7.810E-03
  1.809790E+00 7.160E-03
  1.866470E+00 6.570E-03
  1.924700E+00 6.030E-03
  1.984540E+00 5.530E-03
  2.046010E+00 5.070E-03
  2.109150E+00 4.650E-03
  2.174000E+00 4.270E-03
  2.240600E+00 3.910E-03
  2.308990E+00 3.590E-03
  2.379210E+00 3.290E-03
  2.451290E+00 3.020E-03
  2.525290E+00 2.770E-03
  2.601240E+00 2.540E-03
  2.679180E+00 2.330E-03
  2.759160E+00 2.130E-03
  2.841230E+00 1.950E-03
  2.925420E+00 1.790E-03
  3.011780E+00 1.640E-03
  3.100370E+00 1.500E-03
  3.191220E+00 1.380E-03
  3.284390E+00 1.260E-03
  3.379930E+00 1.160E-03
  3.477880E+00 1.060E-03
  3.578290E+00 9.720E-04
  3.681220E+00 8.910E-04
  3.786720E+00 8.160E-04
  3.894840E+00 7.480E-04
  4.005630E+00 6.850E-04
  4.119160E+00 6.280E-04
  4.235470E+00 5.750E-04
  4.354620E+00 5.270E-04
  4.476670E+00 4.830E-04
  4.601680E+00 4.420E-04
  4.729700E+00 4.050E-04
  4.860800E+00 3.710E-04
  4.995040E+00 3.390E-04
  5.132490E+00 3.110E-04
  5.249910E+00 2.890E-04
    2    2    0    1
     99     99
  4.448990E-01    0.0050
  4.049390E-01 6.330E+00
  4.128990E-01 5.920E+00
  4.208990E-01 5.550E+00
  4.288990E-01 5.210E+00
  4.368990E-01 4.890E+00
  4.448990E-01 4.600E+00
  4.565210E-01 4.210E+00
  4.684090E-01 3.850E+00
  4.805700E-01 3.520E+00
  4.930090E-01 3.230E+00
  5.057300E-01 2.950E+00
  5.187400E-01 2.700E+00
  5.320440E-01 2.480E+00
  5.456480E-01 2.270E+00
  5.595580E-01 2.070E+00
  5.737790E-01 1.900E+00
  5.883180E-01 1.740E+00
  6.031810E-01 1.590E+00
  6.183740E-01 1.450E+00
  6.339040E-01 1.330E+00
  6.497760E-01 1.220E+00
  6.659970E-01 1.110E+00
  6.825750E-01 1.020E+00
  6.995150E-01 9.330E-01
  7.168250E-01 8.530E-01
  7.345120E-01 7.810E-01
  7.525820E-01 7.140E-01
  7.710430E-01 6.540E-01
  7.899020E-01 5.980E-01
  8.091670E-01 5.470E-01
  8.288450E-01 5.000E-01
  8.489430E-01 4.580E-01
  8.694700E-01 4.190E-01
  8.904340E-01 3.830E-01
  9.118420E-01 3.500E-01
  9.337030E-01 3.200E-01
  9.560240E-01 2.930E-01
  9.788150E-01 2.680E-01
  1.002080E+00 2.450E-01
  1.025840E+00 2.240E-01
  1.050090E+00 2.050E-01
  1.074840E+00 1.880E-01
  1.100110E+00 1.720E-01
  1.125900E+00 1.570E-01
  1.152220E+00 1.430E-01
  1.179080E+00 1.310E-01
  1.206500E+00 1.200E-01
  1.234470E+00 1.100E-01
  1.263020E+00 1.000E-01
  1.292150E+00 9.160E-02
  1.321860E+00 8.380E-02
  1.352180E+00 7.660E-02
  1.383110E+00 7.000E-02
  1.414670E+00 6.400E-02
  1.446850E+00 5.850E-02
  1.479680E+00 5.350E-02
  1.513170E+00 4.890E-02
  1.547320E+00 4.470E-02
  1.582150E+00 4.090E-02
  1.617670E+00 3.740E-02
  1.653900E+00 3.420E-02
  1.690830E+00 3.120E-02
  1.728500E+00 2.850E-02
  1.766900E+00 2.610E-02
  1.806050E+00 2.380E-02
  1.845970E+00 2.180E-02
  1.886670E+00 1.990E-02
  1.928150E+00 1.820E-02
  1.970440E+00 1.660E-02
  2.013540E+00 1.520E-02
  2.057470E+00 1.390E-02
  2.102250E+00 1.270E-02
  2.147890E+00 1.160E-02
  2.194390E+00 1.060E-02
  2.241790E+00 9.680E-03
  2.290090E+00 8.850E-03
  2.339300E+00 8.080E-03
  2.389450E+00 7.390E-03
  2.440540E+00 6.750E-03
  2.492590E+00 6.170E-03
  2.545630E+00 5.630E-03
  2.599650E+00 5.150E-03
  2.654690E+00 4.700E-03
  2.710760E+00 4.290E-03
  2.767860E+00 3.920E-03
  2.826030E+00 3.590E-03
  2.885280E+00 3.280E-03
  2.945620E+00 2.990E-03
  3.007070E+00 2.730E-03
  3.069650E+00 2.500E-03
  3.133380E+00 2.280E-03
  3.198280E+00 2.080E-03
  3.264360E+00 1.900E-03
  3.331650E+00 1.740E-03
  3.400160E+00 1.590E-03
  3.469900E+00 1.450E-03
  3.540920E+00 1.320E-03
  3.613210E+00 1.210E-03
  3.644900E+00 1.160E-03
    2    2    0    2
    111    111
  2.502340E-01    0.0050
  2.102740E-01 1.470E+01
  2.182340E-01 1.330E+01
  2.262340E-01 1.200E+01
  2.342340E-01 1.090E+01
  2.422340E-01 9.970E+00
  2.502340E-01 9.110E+00
  2.581510E-01 8.350E+00
  2.662720E-01 7.650E+00
  2.746030E-01 7.020E+00
  2.831470E-01 6.430E+00
  2.919090E-01 5.890E+00
  3.008930E-01 5.400E+00
  3.101050E-01 4.950E+00
  3.195480E-01 4.530E+00
  3.292280E-01 4.150E+00
  3.391490E-01 3.810E+00
  3.493160E-01 3.490E+00
  3.597340E-01 3.190E+00
  3.704090E-01 2.930E+00
  3.813450E-01 2.680E+00
  3.925470E-01 2.460E+00
  4.040220E-01 2.250E+00
  4.157730E-01 2.060E+00
  4.278080E-01 1.890E+00
  4.401310E-01 1.730E+00
  4.527480E-01 1.580E+00
  4.656650E-01 1.450E+00
  4.788870E-01 1.330E+00
  4.924210E-01 1.220E+00
  5.062730E-01 1.110E+00
  5.204480E-01 1.020E+00
  5.349540E-01 9.330E-01
  5.497960E-01 8.540E-01
  5.649800E-01 7.810E-01
  5.805140E-01 7.150E-01
  5.964040E-01 6.550E-01
  6.126570E-01 5.990E-01
  6.292790E-01 5.490E-01
  6.462770E-01 5.020E-01
  6.636590E-01 4.600E-01
  6.814320E-01 4.210E-01
  6.996020E-01 3.850E-01
  7.181780E-01 3.520E-01
  7.371670E-01 3.220E-01
  7.565760E-01 2.950E-01
  7.764130E-01 2.700E-01
  7.966860E-01 2.470E-01
  8.174030E-01 2.260E-01
  8.385720E-01 2.070E-01
  8.602010E-01 1.890E-01
  8.822990E-01 1.730E-01
  9.048730E-01 1.580E-01
  9.279340E-01 1.450E-01
  9.514880E-01 1.320E-01
  9.755460E-01 1.210E-01
  1.000120E+00 1.110E-01
  1.025210E+00 1.010E-01
  1.050830E+00 9.270E-02
  1.076990E+00 8.480E-02
  1.103700E+00 7.750E-02
  1.130970E+00 7.090E-02
  1.158800E+00 6.490E-02
  1.187220E+00 5.930E-02
  1.216220E+00 5.420E-02
  1.245830E+00 4.960E-02
  1.276040E+00 4.540E-02
  1.306870E+00 4.150E-02
  1.338330E+00 3.790E-02
  1.370440E+00 3.470E-02
  1.403190E+00 3.170E-02
  1.436610E+00 2.900E-02
  1.470700E+00 2.650E-02
  1.505480E+00 2.420E-02
  1.540960E+00 2.210E-02
  1.577140E+00 2.020E-02
  1.614050E+00 1.850E-02
  1.651690E+00 1.690E-02
  1.690080E+00 1.550E-02
  1.729220E+00 1.410E-02
  1.769130E+00 1.290E-02
  1.809830E+00 1.180E-02
  1.851330E+00 1.080E-02
  1.893630E+00 9.860E-03
  1.936750E+00 9.010E-03
  1.980720E+00 8.230E-03
  2.025530E+00 7.520E-03
  2.071200E+00 6.880E-03
  2.117760E+00 6.280E-03
  2.165200E+00 5.740E-03
  2.213560E+00 5.250E-03
  2.262830E+00 4.790E-03
  2.313040E+00 4.380E-03
  2.364200E+00 4.000E-03
  2.416330E+00 3.660E-03
  2.469440E+00 3.340E-03
  2.523540E+00 3.050E-03
  2.578660E+00 2.790E-03
  2.634810E+00 2.550E-03
  2.692010E+00 2.330E-03
  2.750270E+00 2.130E-03
  2.809600E+00 1.940E-03
  2.870040E+00 1.770E-03
  2.931580E+00 1.620E-03
  2.994260E+00 1.480E-03
  3.058080E+00 1.350E-03
  3.123070E+00 1.240E-03
  3.189250E+00 1.130E-03
  3.256630E+00 1.030E-03
  3.325230E+00 9.410E-04
  3.395070E+00 8.590E-04
  3.450230E+00 8.010E-04
    2    2    0    3
    122    122
  1.601290E-01    0.0050
  1.201690E-01 2.750E+01
  1.281290E-01 2.360E+01
  1.361290E-01 2.040E+01
  1.441290E-01 1.770E+01
  1.521290E-01 1.550E+01
  1.601290E-01 1.360E+01
  1.657100E-01 1.250E+01
  1.714520E-01 1.150E+01
  1.773580E-01 1.060E+01
  1.834310E-01 9.680E+00
  1.896770E-01 8.880E+00
  1.960970E-01 8.150E+00
  2.026970E-01 7.480E+00
  2.094810E-01 6.860E+00
  2.164520E-01 6.290E+00
  2.236140E-01 5.770E+00
  2.309730E-01 5.290E+00
  2.385310E-01 4.850E+00
  2.462930E-01 4.450E+00
  2.542650E-01 4.080E+00
  2.624490E-01 3.740E+00
  2.708520E-01 3.430E+00
  2.794770E-01 3.150E+00
  2.883290E-01 2.890E+00
  2.974130E-01 2.650E+00
  3.067340E-01 2.420E+00
  3.162970E-01 2.220E+00
  3.261060E-01 2.040E+00
  3.361670E-01 1.870E+00
  3.464860E-01 1.710E+00
  3.570660E-01 1.570E+00
  3.679150E-01 1.440E+00
  3.790360E-01 1.320E+00
  3.904370E-01 1.210E+00
  4.021210E-01 1.100E+00
  4.140960E-01 1.010E+00
  4.263660E-01 9.270E-01
  4.389380E-01 8.500E-01
  4.518170E-01 7.780E-01
  4.650100E-01 7.130E-01
  4.785230E-01 6.530E-01
  4.923620E-01 5.980E-01
  5.065340E-01 5.480E-01
  5.210440E-01 5.010E-01
  5.359000E-01 4.590E-01
  5.511080E-01 4.200E-01
  5.666740E-01 3.850E-01
  5.826060E-01 3.530E-01
  5.989110E-01 3.230E-01
  6.155950E-01 2.950E-01
  6.326660E-01 2.710E-01
  6.501310E-01 2.480E-01
  6.679970E-01 2.270E-01
  6.862720E-01 2.070E-01
  7.049640E-01 1.900E-01
  7.240790E-01 1.740E-01
  7.436270E-01 1.590E-01
  7.636140E-01 1.460E-01
  7.840490E-01 1.330E-01
  8.049400E-01 1.220E-01
  8.262960E-01 1.120E-01
  8.481230E-01 1.020E-01
  8.704320E-01 9.340E-02
  8.932310E-01 8.550E-02
  9.165290E-01 7.820E-02
  9.403330E-01 7.150E-02
  9.646540E-01 6.540E-02
  9.895000E-01 5.990E-02
  1.014880E+00 5.480E-02
  1.040810E+00 5.010E-02
  1.067280E+00 4.580E-02
  1.094330E+00 4.190E-02
  1.121940E+00 3.830E-02
  1.150140E+00 3.510E-02
  1.178930E+00 3.210E-02
  1.208320E+00 2.930E-02
  1.238330E+00 2.680E-02
  1.268960E+00 2.450E-02
  1.300230E+00 2.240E-02
  1.332140E+00 2.050E-02
  1.364710E+00 1.880E-02
  1.397940E+00 1.710E-02
  1.431850E+00 1.570E-02
  1.466450E+00 1.430E-02
  1.501760E+00 1.310E-02
  1.537770E+00 1.200E-02
  1.574510E+00 1.090E-02
  1.611990E+00 1.000E-02
  1.650220E+00 9.150E-03
  1.689200E+00 8.360E-03
  1.728960E+00 7.640E-03
  1.769510E+00 6.990E-03
  1.810850E+00 6.390E-03
  1.853010E+00 5.840E-03
  1.895990E+00 5.330E-03
  1.939810E+00 4.880E-03
  1.984480E+00 4.460E-03
  2.030010E+00 4.070E-03
  2.076420E+00 3.720E-03
  2.123730E+00 3.400E-03
  2.171940E+00 3.110E-03
  2.221080E+00 2.840E-03
  2.271150E+00 2.590E-03
  2.322170E+00 2.370E-03
  2.374160E+00 2.160E-03
  2.427120E+00 1.980E-03
  2.481080E+00 1.810E-03
  2.536050E+00 1.650E-03
  2.592050E+00 1.510E-03
  2.649090E+00 1.380E-03
  2.707190E+00 1.260E-03
  2.766370E+00 1.150E-03
  2.826630E+00 1.050E-03
  2.888000E+00 9.590E-04
  2.950500E+00 8.760E-04
  3.014140E+00 8.000E-04
  3.078930E+00 7.310E-04
  3.144910E+00 6.680E-04
  3.212070E+00 6.100E-04
  3.280450E+00 5.570E-04
  3.350060E+00 5.090E-04
  3.360130E+00 5.020E-04
    2    2    0    4
    129    129
  1.111880E-01    0.0050
  8.718842E-02 3.230E+01
  9.518838E-02 2.640E+01
  1.031880E-01 2.190E+01
  1.111880E-01 1.840E+01
  1.152610E-01 1.690E+01
  1.194600E-01 1.550E+01
  1.237900E-01 1.420E+01
  1.282540E-01 1.310E+01
  1.328540E-01 1.200E+01
  1.375950E-01 1.100E+01
  1.424790E-01 1.010E+01
  1.475100E-01 9.300E+00
  1.526920E-01 8.540E+00
  1.580280E-01 7.840E+00
  1.635230E-01 7.200E+00
  1.691780E-01 6.610E+00
  1.750000E-01 6.070E+00
  1.809910E-01 5.570E+00
  1.871540E-01 5.110E+00
  1.934960E-01 4.690E+00
  2.000180E-01 4.300E+00
  2.067260E-01 3.950E+00
  2.136240E-01 3.620E+00
  2.207150E-01 3.320E+00
  2.280050E-01 3.050E+00
  2.354970E-01 2.800E+00
  2.431970E-01 2.570E+00
  2.511090E-01 2.350E+00
  2.592360E-01 2.160E+00
  2.675850E-01 1.980E+00
  2.761600E-01 1.820E+00
  2.849660E-01 1.660E+00
  2.940070E-01 1.530E+00
  3.032890E-01 1.400E+00
  3.128170E-01 1.280E+00
  3.225950E-01 1.180E+00
  3.326310E-01 1.080E+00
  3.429270E-01 9.890E-01
  3.534910E-01 9.060E-01
  3.643280E-01 8.310E-01
  3.754420E-01 7.610E-01
  3.868410E-01 6.980E-01
  3.985290E-01 6.400E-01
  4.105130E-01 5.860E-01
  4.227980E-01 5.370E-01
  4.353900E-01 4.920E-01
  4.482960E-01 4.510E-01
  4.615230E-01 4.130E-01
  4.750750E-01 3.780E-01
  4.889600E-01 3.460E-01
  5.031840E-01 3.170E-01
  5.177530E-01 2.910E-01
  5.326750E-01 2.660E-01
  5.479570E-01 2.440E-01
  5.636040E-01 2.230E-01
  5.796240E-01 2.050E-01
  5.960250E-01 1.870E-01
  6.128130E-01 1.710E-01
  6.299950E-01 1.570E-01
  6.475800E-01 1.440E-01
  6.655740E-01 1.320E-01
  6.839860E-01 1.200E-01
  7.028220E-01 1.100E-01
  7.220910E-01 1.010E-01
  7.418010E-01 9.240E-02
  7.619590E-01 8.460E-02
  7.825750E-01 7.740E-02
  8.036550E-01 7.080E-02
  8.252090E-01 6.480E-02
  8.472460E-01 5.930E-02
  8.697720E-01 5.430E-02
  8.927980E-01 4.970E-02
  9.163330E-01 4.540E-02
  9.403850E-01 4.160E-02
  9.649630E-01 3.800E-02
  9.900760E-01 3.480E-02
  1.015730E+00 3.180E-02
  1.041950E+00 2.910E-02
  1.068720E+00 2.660E-02
  1.096080E+00 2.440E-02
  1.124010E+00 2.230E-02
  1.152540E+00 2.040E-02
  1.181670E+00 1.860E-02
  1.211410E+00 1.710E-02
  1.241780E+00 1.560E-02
  1.272790E+00 1.430E-02
  1.304430E+00 1.300E-02
  1.336740E+00 1.190E-02
  1.369710E+00 1.090E-02
  1.403360E+00 9.970E-03
  1.437700E+00 9.120E-03
  1.472740E+00 8.330E-03
  1.508500E+00 7.620E-03
  1.544970E+00 6.970E-03
  1.582180E+00 6.370E-03
  1.620140E+00 5.820E-03
  1.658860E+00 5.320E-03
  1.698350E+00 4.860E-03
  1.738620E+00 4.450E-03
  1.779690E+00 4.060E-03
  1.821580E+00 3.710E-03
  1.864280E+00 3.400E-03
  1.907810E+00 3.100E-03
  1.952200E+00 2.830E-03
  1.997450E+00 2.590E-03
  2.043570E+00 2.370E-03
  2.090580E+00 2.160E-03
  2.138490E+00 1.980E-03
  2.187320E+00 1.810E-03
  2.237090E+00 1.650E-03
  2.287790E+00 1.510E-03
  2.339450E+00 1.380E-03
  2.392090E+00 1.260E-03
  2.445720E+00 1.150E-03
  2.500350E+00 1.050E-03
  2.556000E+00 9.600E-04
  2.612690E+00 8.770E-04
  2.670420E+00 8.010E-04
  2.729220E+00 7.320E-04
  2.789100E+00 6.680E-04
  2.850080E+00 6.100E-04
  2.912180E+00 5.570E-04
  2.975400E+00 5.090E-04
  3.039770E+00 4.650E-04
  3.105300E+00 4.250E-04
  3.172020E+00 3.880E-04
  3.239930E+00 3.540E-04
  3.309060E+00 3.230E-04
  3.311190E+00 3.230E-04
    2    2    0    5
    135    135
  8.168232E-02    0.0050
  6.568241E-02 3.810E+01
  7.368243E-02 2.940E+01
  8.168232E-02 2.330E+01
  8.475018E-02 2.140E+01
  8.791977E-02 1.970E+01
  9.119409E-02 1.810E+01
  9.457582E-02 1.660E+01
  9.806782E-02 1.530E+01
  1.016730E-01 1.410E+01
  1.053940E-01 1.290E+01
  1.092350E-01 1.190E+01
  1.131980E-01 1.090E+01
  1.172870E-01 1.000E+01
  1.215050E-01 9.210E+00
  1.258540E-01 8.460E+00
  1.303400E-01 7.780E+00
  1.349630E-01 7.140E+00
  1.397300E-01 6.560E+00
  1.446420E-01 6.030E+00
  1.497040E-01 5.540E+00
  1.549180E-01 5.080E+00
  1.602900E-01 4.670E+00
  1.658220E-01 4.290E+00
  1.715190E-01 3.940E+00
  1.773840E-01 3.610E+00
  1.834220E-01 3.320E+00
  1.896360E-01 3.050E+00
  1.960310E-01 2.800E+00
  2.026110E-01 2.560E+00
  2.093800E-01 2.350E+00
  2.163420E-01 2.160E+00
  2.235030E-01 1.980E+00
  2.308650E-01 1.820E+00
  2.384350E-01 1.670E+00
  2.462160E-01 1.530E+00
  2.542130E-01 1.400E+00
  2.624320E-01 1.290E+00
  2.708760E-01 1.180E+00
  2.795520E-01 1.080E+00
  2.884630E-01 9.940E-01
  2.976150E-01 9.110E-01
  3.070140E-01 8.360E-01
  3.166640E-01 7.660E-01
  3.265710E-01 7.030E-01
  3.367390E-01 6.440E-01
  3.471760E-01 5.910E-01
  3.578860E-01 5.410E-01
  3.688750E-01 4.960E-01
  3.801490E-01 4.550E-01
  3.917140E-01 4.170E-01
  4.035750E-01 3.820E-01
  4.157380E-01 3.500E-01
  4.282100E-01 3.210E-01
  4.409970E-01 2.940E-01
  4.541060E-01 2.690E-01
  4.675420E-01 2.470E-01
  4.813110E-01 2.260E-01
  4.954220E-01 2.070E-01
  5.098800E-01 1.900E-01
  5.246920E-01 1.740E-01
  5.398640E-01 1.590E-01
  5.554050E-01 1.460E-01
  5.713200E-01 1.330E-01
  5.876180E-01 1.220E-01
  6.043050E-01 1.120E-01
  6.213880E-01 1.030E-01
  6.388750E-01 9.390E-02
  6.567750E-01 8.600E-02
  6.750930E-01 7.870E-02
  6.938390E-01 7.210E-02
  7.130190E-01 6.600E-02
  7.326430E-01 6.040E-02
  7.527170E-01 5.530E-02
  7.732510E-01 5.060E-02
  7.942520E-01 4.630E-02
  8.157290E-01 4.240E-02
  8.376910E-01 3.880E-02
  8.601450E-01 3.550E-02
  8.831020E-01 3.250E-02
  9.065690E-01 2.970E-02
  9.305560E-01 2.720E-02
  9.550710E-01 2.490E-02
  9.801240E-01 2.280E-02
  1.005720E+00 2.080E-02
  1.031880E+00 1.910E-02
  1.058610E+00 1.740E-02
  1.085910E+00 1.600E-02
  1.113790E+00 1.460E-02
  1.142270E+00 1.330E-02
  1.171360E+00 1.220E-02
  1.201070E+00 1.120E-02
  1.231390E+00 1.020E-02
  1.262360E+00 9.340E-03
  1.293970E+00 8.540E-03
  1.326250E+00 7.810E-03
  1.359190E+00 7.140E-03
  1.392810E+00 6.530E-03
  1.427120E+00 5.970E-03
  1.462140E+00 5.460E-03
  1.497860E+00 4.990E-03
  1.534320E+00 4.560E-03
  1.571510E+00 4.170E-03
  1.609450E+00 3.810E-03
  1.648150E+00 3.480E-03
  1.687620E+00 3.190E-03
  1.727870E+00 2.910E-03
  1.768930E+00 2.660E-03
  1.810790E+00 2.430E-03
  1.853480E+00 2.220E-03
  1.897000E+00 2.030E-03
  1.941370E+00 1.860E-03
  1.986600E+00 1.700E-03
  2.032710E+00 1.550E-03
  2.079710E+00 1.420E-03
  2.127600E+00 1.290E-03
  2.176410E+00 1.180E-03
  2.226160E+00 1.080E-03
  2.276840E+00 9.870E-04
  2.328480E+00 9.020E-04
  2.381100E+00 8.240E-04
  2.434700E+00 7.530E-04
  2.489300E+00 6.880E-04
  2.544920E+00 6.280E-04
  2.601570E+00 5.740E-04
  2.659260E+00 5.240E-04
  2.718020E+00 4.790E-04
  2.777850E+00 4.370E-04
  2.838780E+00 3.990E-04
  2.900820E+00 3.650E-04
  2.963980E+00 3.330E-04
  3.028280E+00 3.040E-04
  3.093740E+00 2.780E-04
  3.160370E+00 2.540E-04
  3.228200E+00 2.320E-04
  3.281680E+00 2.160E-04
    2    2    0    6
    120    120
  6.253368E-02    0.0050
  5.453370E-02 3.860E+01
  6.253368E-02 2.840E+01
  6.490082E-02 2.620E+01
  6.735033E-02 2.410E+01
  6.988448E-02 2.210E+01
  7.250613E-02 2.040E+01
  7.521743E-02 1.880E+01
  7.802123E-02 1.730E+01
  8.091998E-02 1.590E+01
  8.391649E-02 1.460E+01
  8.701360E-02 1.340E+01
  9.021401E-02 1.230E+01
  9.352052E-02 1.140E+01
  9.693623E-02 1.040E+01
  1.004640E-01 9.600E+00
  1.041070E-01 8.820E+00
  1.078680E-01 8.110E+00
  1.117500E-01 7.450E+00
  1.157570E-01 6.850E+00
  1.198920E-01 6.300E+00
  1.241580E-01 5.790E+00
  1.285590E-01 5.320E+00
  1.330980E-01 4.890E+00
  1.377790E-01 4.490E+00
  1.426040E-01 4.120E+00
  1.475790E-01 3.790E+00
  1.527060E-01 3.480E+00
  1.579890E-01 3.190E+00
  1.634330E-01 2.940E+00
  1.690410E-01 2.690E+00
  1.748170E-01 2.480E+00
  1.807650E-01 2.270E+00
  1.868900E-01 2.090E+00
  1.931950E-01 1.910E+00
  1.996850E-01 1.760E+00
  2.063630E-01 1.610E+00
  2.132360E-01 1.480E+00
  2.203060E-01 1.360E+00
  2.275790E-01 1.250E+00
  2.350590E-01 1.150E+00
  2.427510E-01 1.050E+00
  2.506590E-01 9.640E-01
  2.587890E-01 8.840E-01
  2.671460E-01 8.110E-01
  2.757330E-01 7.440E-01
  2.845570E-01 6.820E-01
  2.936230E-01 6.260E-01
  3.029350E-01 5.740E-01
  3.125000E-01 5.260E-01
  3.223220E-01 4.830E-01
  3.324070E-01 4.430E-01
  3.427610E-01 4.060E-01
  3.533880E-01 3.720E-01
  3.642960E-01 3.410E-01
  3.754890E-01 3.130E-01
  3.869740E-01 2.870E-01
  3.987560E-01 2.630E-01
  4.108420E-01 2.410E-01
  4.232380E-01 2.210E-01
  4.359490E-01 2.020E-01
  4.489830E-01 1.850E-01
  4.623450E-01 1.700E-01
  4.760420E-01 1.550E-01
  4.900810E-01 1.420E-01
  5.044680E-01 1.310E-01
  5.192100E-01 1.200E-01
  5.343150E-01 1.090E-01
  5.497880E-01 1.000E-01
  5.656370E-01 9.190E-02
  5.818690E-01 8.420E-02
  5.984910E-01 7.710E-02
  6.155110E-01 7.060E-02
  6.329360E-01 6.460E-02
  6.507730E-01 5.920E-02
  6.690300E-01 5.420E-02
  6.877150E-01 4.960E-02
  7.068360E-01 4.540E-02
  7.264010E-01 4.160E-02
  7.464170E-01 3.800E-02
  7.668920E-01 3.480E-02
  7.878360E-01 3.190E-02
  8.092560E-01 2.920E-02
  8.311600E-01 2.670E-02
  8.535570E-01 2.440E-02
  8.764570E-01 2.240E-02
  8.998670E-01 2.050E-02
  9.237960E-01 1.870E-02
  9.482540E-01 1.710E-02
  9.732490E-01 1.570E-02
  9.987900E-01 1.430E-02
  1.024890E+00 1.310E-02
  1.051550E+00 1.200E-02
  1.078790E+00 1.100E-02
  1.106610E+00 1.000E-02
  1.135030E+00 9.190E-03
  1.164050E+00 8.400E-03
  1.193680E+00 7.680E-03
  1.223940E+00 7.030E-03
  1.254840E+00 6.430E-03
  1.286380E+00 5.880E-03
  1.318570E+00 5.370E-03
  1.351430E+00 4.910E-03
  1.384960E+00 4.490E-03
  1.419190E+00 4.110E-03
  1.454110E+00 3.750E-03
  1.489740E+00 3.430E-03
  1.526090E+00 3.140E-03
  1.563180E+00 2.870E-03
  1.601000E+00 2.620E-03
  1.639580E+00 2.400E-03
  1.678930E+00 2.190E-03
  1.719060E+00 2.000E-03
  1.759980E+00 1.830E-03
  1.801700E+00 1.670E-03
  1.844240E+00 1.530E-03
  1.887600E+00 1.400E-03
  1.931800E+00 1.280E-03
  1.976860E+00 1.170E-03
  2.022780E+00 1.070E-03
  2.062530E+00 9.870E-04
    2    2    0    7
    126    126
  4.940660E-02    0.0050
  4.140660E-02 5.010E+01
  4.940660E-02 3.380E+01
  5.128440E-02 3.120E+01
  5.322960E-02 2.870E+01
  5.524430E-02 2.640E+01
  5.733070E-02 2.430E+01
  5.949100E-02 2.240E+01
  6.172750E-02 2.060E+01
  6.404239E-02 1.900E+01
  6.643832E-02 1.740E+01
  6.891727E-02 1.610E+01
  7.148212E-02 1.480E+01
  7.413512E-02 1.360E+01
  7.687902E-02 1.250E+01
  7.971632E-02 1.150E+01
  8.264989E-02 1.060E+01
  8.568227E-02 9.740E+00
  8.881652E-02 8.950E+00
  9.205520E-02 8.240E+00
  9.540153E-02 7.570E+00
  9.885818E-02 6.960E+00
  1.024280E-01 6.400E+00
  1.061150E-01 5.890E+00
  1.099220E-01 5.410E+00
  1.138520E-01 4.970E+00
  1.179080E-01 4.570E+00
  1.220940E-01 4.200E+00
  1.264120E-01 3.860E+00
  1.308680E-01 3.550E+00
  1.354630E-01 3.260E+00
  1.402020E-01 3.000E+00
  1.450880E-01 2.750E+00
  1.501260E-01 2.530E+00
  1.553180E-01 2.320E+00
  1.606690E-01 2.130E+00
  1.661820E-01 1.960E+00
  1.718620E-01 1.800E+00
  1.777140E-01 1.650E+00
  1.837390E-01 1.520E+00
  1.899440E-01 1.390E+00
  1.963320E-01 1.280E+00
  2.029080E-01 1.170E+00
  2.096760E-01 1.080E+00
  2.166410E-01 9.890E-01
  2.238060E-01 9.080E-01
  2.311780E-01 8.330E-01
  2.387600E-01 7.640E-01
  2.465570E-01 7.010E-01
  2.545740E-01 6.440E-01
  2.628170E-01 5.900E-01
  2.712890E-01 5.420E-01
  2.799970E-01 4.970E-01
  2.889450E-01 4.560E-01
  2.981380E-01 4.180E-01
  3.075820E-01 3.830E-01
  3.172830E-01 3.520E-01
  3.272450E-01 3.220E-01
  3.374750E-01 2.960E-01
  3.479780E-01 2.710E-01
  3.587590E-01 2.480E-01
  3.698250E-01 2.280E-01
  3.811810E-01 2.090E-01
  3.928330E-01 1.920E-01
  4.047880E-01 1.750E-01
  4.170520E-01 1.610E-01
  4.296300E-01 1.470E-01
  4.425290E-01 1.350E-01
  4.557560E-01 1.240E-01
  4.693160E-01 1.130E-01
  4.832170E-01 1.040E-01
  4.974660E-01 9.520E-02
  5.120680E-01 8.720E-02
  5.270310E-01 7.990E-02
  5.423620E-01 7.320E-02
  5.580680E-01 6.700E-02
  5.741550E-01 6.140E-02
  5.906320E-01 5.620E-02
  6.075050E-01 5.150E-02
  6.247810E-01 4.720E-02
  6.424700E-01 4.320E-02
  6.605770E-01 3.950E-02
  6.791100E-01 3.620E-02
  6.980780E-01 3.310E-02
  7.174890E-01 3.030E-02
  7.373490E-01 2.780E-02
  7.576680E-01 2.540E-02
  7.784540E-01 2.330E-02
  7.997150E-01 2.130E-02
  8.214580E-01 1.950E-02
  8.436940E-01 1.780E-02
  8.664300E-01 1.630E-02
  8.896750E-01 1.490E-02
  9.134380E-01 1.370E-02
  9.377280E-01 1.250E-02
  9.625530E-01 1.150E-02
  9.879240E-01 1.050E-02
  1.013850E+00 9.580E-03
  1.040340E+00 8.770E-03
  1.067400E+00 8.020E-03
  1.095040E+00 7.330E-03
  1.123280E+00 6.710E-03
  1.152120E+00 6.140E-03
  1.181570E+00 5.610E-03
  1.211640E+00 5.130E-03
  1.242350E+00 4.690E-03
  1.273690E+00 4.290E-03
  1.305700E+00 3.920E-03
  1.338360E+00 3.590E-03
  1.371700E+00 3.280E-03
  1.405720E+00 3.000E-03
  1.440440E+00 2.740E-03
  1.475870E+00 2.510E-03
  1.512010E+00 2.290E-03
  1.548880E+00 2.100E-03
  1.586490E+00 1.920E-03
  1.624860E+00 1.750E-03
  1.663990E+00 1.600E-03
  1.703890E+00 1.460E-03
  1.744580E+00 1.340E-03
  1.786070E+00 1.220E-03
  1.828370E+00 1.120E-03
  1.871490E+00 1.020E-03
  1.915450E+00 9.330E-04
  1.960260E+00 8.520E-04
  2.005930E+00 7.790E-04
  2.049410E+00 7.160E-04
    0    0    0    0
