    4    2    P
    1    0    0    1
     32     56
  1.127880E+01    0.0100
  1.120440E+01 1.293E+00
  1.122300E+01 1.289E+00
  1.124160E+01 1.284E+00
  1.126020E+01 1.279E+00
  1.127870E+01 1.275E+00
  1.198270E+01 1.120E+00
  1.268950E+01 9.860E-01
  1.340540E+01 8.702E-01
  1.413520E+01 7.694E-01
  1.488300E+01 6.814E-01
  1.569080E+01 5.992E-01
  1.652432E+01 5.271E-01
  1.738428E+01 4.637E-01
  1.827135E+01 4.079E-01
  1.918622E+01 3.588E-01
  2.012959E+01 3.156E-01
  2.110219E+01 2.775E-01
  2.210472E+01 2.441E-01
  2.313791E+01 2.147E-01
  2.420248E+01 1.888E-01
  2.529916E+01 1.660E-01
  2.642876E+01 1.459E-01
  2.759198E+01 1.283E-01
  2.878961E+01 1.128E-01
  3.002246E+01 9.918E-02
  3.129128E+01 8.718E-02
  3.259692E+01 7.664E-02
  3.394017E+01 6.736E-02
  3.532188E+01 5.920E-02
  3.674294E+01 5.203E-02
  3.820413E+01 4.572E-02
  3.970639E+01 4.018E-02
  4.125056E+01 3.649E-02
  4.140600E+01 3.612E-02
  4.345790E+01 3.195E-02
  4.561140E+01 2.823E-02
  4.787170E+01 2.491E-02
  5.024400E+01 2.196E-02
  5.273390E+01 1.934E-02
  5.534720E+01 1.701E-02
  5.808990E+01 1.495E-02
  6.096860E+01 1.312E-02
  6.398990E+01 1.151E-02
  6.716090E+01 1.008E-02
  7.048910E+01 8.821E-03
  7.398230E+01 7.714E-03
  7.764850E+01 6.738E-03
  8.149640E+01 5.882E-03
  8.553500E+01 5.132E-03
  8.977370E+01 4.470E-03
  9.422250E+01 3.897E-03
  9.889170E+01 3.388E-03
  1.037920E+02 2.946E-03
  1.089360E+02 2.558E-03
  1.143340E+02 2.225E-03
  1.200000E+02 1.926E-03
    1    0    0    2
     23     63
  2.364030E+00    0.0100
  2.289650E+00 1.552E+00
  2.308250E+00 1.529E+00
  2.326840E+00 1.506E+00
  2.345440E+00 1.484E+00
  2.363940E+00 1.462E+00
  2.525980E+00 1.294E+00
  2.693010E+00 1.145E+00
  2.865610E+00 1.015E+00
  3.044310E+00 8.999E-01
  3.229610E+00 7.982E-01
  3.422010E+00 7.084E-01
  3.621990E+00 6.289E-01
  3.830070E+00 5.585E-01
  4.046770E+00 4.962E-01
  4.272620E+00 4.410E-01
  4.508190E+00 3.921E-01
  4.754060E+00 3.487E-01
  5.010880E+00 3.102E-01
  5.279290E+00 2.761E-01
  5.560020E+00 2.458E-01
  5.853810E+00 2.189E-01
  5.964030E+00 2.098E-01
  6.138500E+00 1.963E-01
  6.467459E+00 1.729E-01
  6.810560E+00 1.529E-01
  7.168300E+00 1.352E-01
  7.541184E+00 1.195E-01
  7.929751E+00 1.056E-01
  8.334538E+00 9.335E-02
  8.756105E+00 8.250E-02
  9.195031E+00 7.290E-02
  9.651909E+00 6.441E-02
  1.012735E+01 5.691E-02
  1.062198E+01 5.027E-02
  1.113645E+01 4.441E-02
  1.167141E+01 3.922E-02
  1.222754E+01 3.464E-02
  1.280556E+01 3.059E-02
  1.340618E+01 2.701E-02
  1.403014E+01 2.385E-02
  1.467820E+01 2.106E-02
  1.535116E+01 1.859E-02
  1.604980E+01 1.641E-02
  1.677496E+01 1.448E-02
  1.752750E+01 1.278E-02
  1.830827E+01 1.128E-02
  1.911819E+01 9.954E-03
  1.995818E+01 8.783E-03
  2.082916E+01 7.750E-03
  2.173212E+01 6.837E-03
  2.266806E+01 6.032E-03
  2.363802E+01 5.321E-03
  2.464301E+01 4.693E-03
  2.568416E+01 4.139E-03
  2.676254E+01 3.651E-03
  2.787933E+01 3.219E-03
  2.903566E+01 2.839E-03
  3.023273E+01 2.503E-03
  3.147180E+01 2.207E-03
  3.275412E+01 1.946E-03
  3.408099E+01 1.716E-03
  3.545374E+01 1.512E-03
  3.687372E+01 1.333E-03
    1    0    0    3
     33     64
  1.033010E+00    0.0100
  9.586280E-01 2.778E+00
  9.772230E-01 2.681E+00
  9.958180E-01 2.589E+00
  1.014410E+00 2.501E+00
  1.032920E+00 2.417E+00
  1.098610E+00 2.155E+00
  1.167750E+00 1.921E+00
  1.240500E+00 1.712E+00
  1.317040E+00 1.526E+00
  1.397550E+00 1.360E+00
  1.482230E+00 1.212E+00
  1.571270E+00 1.080E+00
  1.664890E+00 9.622E-01
  1.763300E+00 8.574E-01
  1.866740E+00 7.639E-01
  1.975450E+00 6.805E-01
  2.089690E+00 6.062E-01
  2.209710E+00 5.400E-01
  2.335800E+00 4.810E-01
  2.468260E+00 4.285E-01
  2.607380E+00 3.816E-01
  2.753480E+00 3.399E-01
  2.906920E+00 3.027E-01
  3.068030E+00 2.696E-01
  3.237190E+00 2.401E-01
  3.414780E+00 2.138E-01
  3.601220E+00 1.904E-01
  3.796930E+00 1.696E-01
  4.002360E+00 1.510E-01
  4.217970E+00 1.345E-01
  4.444270E+00 1.197E-01
  4.633010E+00 1.091E-01
  4.807480E+00 1.005E-01
  5.068418E+00 8.876E-02
  5.342034E+00 7.869E-02
  5.628887E+00 6.976E-02
  5.929548E+00 6.184E-02
  6.244620E+00 5.481E-02
  6.574720E+00 4.858E-02
  6.920495E+00 4.306E-02
  7.282619E+00 3.815E-02
  7.661788E+00 3.381E-02
  8.058721E+00 2.996E-02
  8.474172E+00 2.654E-02
  8.908926E+00 2.351E-02
  9.363787E+00 2.083E-02
  9.839590E+00 1.845E-02
  1.033721E+01 1.634E-02
  1.085757E+01 1.447E-02
  1.140159E+01 1.282E-02
  1.197025E+01 1.135E-02
  1.256457E+01 1.005E-02
  1.318559E+01 8.897E-03
  1.383440E+01 7.877E-03
  1.451213E+01 6.973E-03
  1.521996E+01 6.173E-03
  1.595908E+01 5.464E-03
  1.673076E+01 4.836E-03
  1.753630E+01 4.280E-03
  1.837706E+01 3.788E-03
  1.925446E+01 3.352E-03
  2.016991E+01 2.966E-03
  2.112495E+01 2.625E-03
  2.212111E+01 2.322E-03
    1    0    0    4
     42     65
  5.763200E-01    0.0100
  5.019400E-01 4.570E+00
  5.205350E-01 4.266E+00
  5.391300E-01 3.991E+00
  5.577250E-01 3.742E+00
  5.762310E-01 3.516E+00
  6.112850E-01 3.140E+00
  6.483160E-01 2.804E+00
  6.874260E-01 2.503E+00
  7.287240E-01 2.235E+00
  7.723230E-01 1.995E+00
  8.183420E-01 1.781E+00
  8.669050E-01 1.589E+00
  9.181420E-01 1.418E+00
  9.721900E-01 1.265E+00
  1.029190E+00 1.129E+00
  1.089300E+00 1.007E+00
  1.152670E+00 8.987E-01
  1.219460E+00 8.017E-01
  1.289840E+00 7.150E-01
  1.364010E+00 6.377E-01
  1.442140E+00 5.687E-01
  1.524420E+00 5.071E-01
  1.611080E+00 4.522E-01
  1.702320E+00 4.031E-01
  1.798360E+00 3.594E-01
  1.899450E+00 3.204E-01
  2.005820E+00 2.856E-01
  2.117740E+00 2.545E-01
  2.235480E+00 2.268E-01
  2.359310E+00 2.021E-01
  2.489530E+00 1.801E-01
  2.626440E+00 1.605E-01
  2.770370E+00 1.430E-01
  2.921650E+00 1.274E-01
  3.080630E+00 1.135E-01
  3.247680E+00 1.011E-01
  3.423170E+00 9.001E-02
  3.607500E+00 8.016E-02
  3.801090E+00 7.139E-02
  4.004380E+00 6.357E-02
  4.176320E+00 5.787E-02
  4.350790E+00 5.297E-02
  4.587859E+00 4.691E-02
  4.836991E+00 4.164E-02
  5.098757E+00 3.696E-02
  5.373755E+00 3.280E-02
  5.662614E+00 2.911E-02
  5.965981E+00 2.583E-02
  6.284540E+00 2.292E-02
  6.619004E+00 2.034E-02
  6.970112E+00 1.804E-02
  7.338647E+00 1.601E-02
  7.725415E+00 1.420E-02
  8.131256E+00 1.260E-02
  8.557055E+00 1.117E-02
  9.003735E+00 9.911E-03
  9.472245E+00 8.790E-03
  9.963601E+00 7.796E-03
  1.047884E+01 6.914E-03
  1.101904E+01 6.131E-03
  1.158535E+01 5.437E-03
  1.217895E+01 4.821E-03
  1.280107E+01 4.274E-03
  1.345300E+01 3.790E-03
  1.413608E+01 3.360E-03
    1    0    0    5
     50     65
  3.670620E-01    0.0100
  2.926820E-01 7.348E+00
  3.112770E-01 6.529E+00
  3.298720E-01 5.838E+00
  3.484670E-01 5.250E+00
  3.669720E-01 4.748E+00
  3.885680E-01 4.243E+00
  4.114070E-01 3.791E+00
  4.355570E-01 3.387E+00
  4.610890E-01 3.025E+00
  4.880780E-01 2.703E+00
  5.166040E-01 2.414E+00
  5.467490E-01 2.156E+00
  5.786000E-01 1.925E+00
  6.122490E-01 1.719E+00
  6.477910E-01 1.535E+00
  6.853270E-01 1.371E+00
  7.249620E-01 1.224E+00
  7.668060E-01 1.093E+00
  8.109740E-01 9.753E-01
  8.575890E-01 8.705E-01
  9.067770E-01 7.769E-01
  9.586700E-01 6.933E-01
  1.013410E+00 6.187E-01
  1.071140E+00 5.520E-01
  1.132010E+00 4.925E-01
  1.196180E+00 4.393E-01
  1.263820E+00 3.919E-01
  1.335100E+00 3.495E-01
  1.410210E+00 3.117E-01
  1.489320E+00 2.780E-01
  1.572650E+00 2.479E-01
  1.660410E+00 2.210E-01
  1.752790E+00 1.970E-01
  1.850040E+00 1.756E-01
  1.952390E+00 1.565E-01
  2.060080E+00 1.395E-01
  2.173360E+00 1.243E-01
  2.292520E+00 1.108E-01
  2.417820E+00 9.872E-02
  2.549560E+00 8.795E-02
  2.688030E+00 7.834E-02
  2.833560E+00 6.978E-02
  2.986470E+00 6.215E-02
  3.147110E+00 5.535E-02
  3.315820E+00 4.929E-02
  3.492990E+00 4.388E-02
  3.678990E+00 3.907E-02
  3.874230E+00 3.478E-02
  4.079120E+00 3.096E-02
  4.294090E+00 2.755E-02
  4.527890E+00 2.466E-02
  4.773811E+00 2.190E-02
  5.032455E+00 1.945E-02
  5.304444E+00 1.727E-02
  5.590436E+00 1.533E-02
  5.891123E+00 1.361E-02
  6.207217E+00 1.209E-02
  6.539472E+00 1.073E-02
  6.888682E+00 9.527E-03
  7.255665E+00 8.457E-03
  7.641284E+00 7.507E-03
  8.046445E+00 6.664E-03
  8.472089E+00 5.915E-03
  8.919208E+00 5.250E-03
  9.388836E+00 4.660E-03
    1    0    0    6
     55     65
  2.540780E-01    0.0100
  1.905584E-01 1.079E+01
  1.982930E-01 9.923E+00
  2.168880E-01 8.329E+00
  2.354830E-01 7.086E+00
  2.539880E-01 6.103E+00
  2.688420E-01 5.451E+00
  2.845360E-01 4.869E+00
  3.011140E-01 4.348E+00
  3.186260E-01 3.884E+00
  3.371220E-01 3.468E+00
  3.566560E-01 3.097E+00
  3.772830E-01 2.766E+00
  3.990640E-01 2.470E+00
  4.220610E-01 2.205E+00
  4.463400E-01 1.969E+00
  4.719690E-01 1.758E+00
  4.990220E-01 1.569E+00
  5.275750E-01 1.401E+00
  5.577090E-01 1.251E+00
  5.895080E-01 1.117E+00
  6.230630E-01 9.967E-01
  6.584660E-01 8.897E-01
  6.958170E-01 7.941E-01
  7.352190E-01 7.088E-01
  7.767810E-01 6.326E-01
  8.206190E-01 5.646E-01
  8.668540E-01 5.039E-01
  9.156120E-01 4.497E-01
  9.670270E-01 4.013E-01
  1.021240E+00 3.581E-01
  1.078400E+00 3.195E-01
  1.138660E+00 2.851E-01
  1.202180E+00 2.544E-01
  1.269140E+00 2.270E-01
  1.339710E+00 2.025E-01
  1.414090E+00 1.807E-01
  1.492480E+00 1.612E-01
  1.575070E+00 1.438E-01
  1.662110E+00 1.283E-01
  1.753810E+00 1.144E-01
  1.850410E+00 1.021E-01
  1.952190E+00 9.104E-02
  2.059390E+00 8.121E-02
  2.172310E+00 7.243E-02
  2.291230E+00 6.460E-02
  2.416490E+00 5.761E-02
  2.548380E+00 5.138E-02
  2.687270E+00 4.582E-02
  2.756080E+00 4.339E-02
  2.806420E+00 4.163E-02
  2.997080E+00 3.596E-02
  3.182010E+00 3.141E-02
  3.361470E+00 2.770E-02
  3.704760E+00 2.208E-02
  4.028550E+00 1.812E-02
  4.249408E+00 1.658E-02
  4.481960E+00 1.473E-02
  4.726798E+00 1.309E-02
  4.984553E+00 1.163E-02
  5.255884E+00 1.033E-02
  5.541477E+00 9.179E-03
  5.842057E+00 8.154E-03
  6.158387E+00 7.244E-03
  6.491259E+00 6.434E-03
  6.841512E+00 5.715E-03
    1    0    0    7
     59     64
  1.862370E-01    0.0100
  1.396777E-01 1.359E+01
  1.490470E-01 1.180E+01
  1.676420E-01 9.341E+00
  1.861470E-01 7.576E+00
  1.968800E-01 6.767E+00
  2.082170E-01 6.044E+00
  2.201930E-01 5.398E+00
  2.328430E-01 4.821E+00
  2.462030E-01 4.306E+00
  2.603130E-01 3.845E+00
  2.752140E-01 3.434E+00
  2.909480E-01 3.066E+00
  3.075630E-01 2.738E+00
  3.251050E-01 2.445E+00
  3.436250E-01 2.183E+00
  3.631760E-01 1.949E+00
  3.838150E-01 1.740E+00
  4.056010E-01 1.554E+00
  4.285950E-01 1.387E+00
  4.528640E-01 1.239E+00
  4.784760E-01 1.106E+00
  5.055030E-01 9.872E-01
  5.340230E-01 8.812E-01
  5.641150E-01 7.866E-01
  5.958650E-01 7.022E-01
  6.293600E-01 6.268E-01
  6.646960E-01 5.595E-01
  7.019700E-01 4.993E-01
  7.412870E-01 4.457E-01
  7.827550E-01 3.978E-01
  8.264890E-01 3.550E-01
  8.726110E-01 3.168E-01
  9.212480E-01 2.827E-01
  9.725320E-01 2.523E-01
  1.026610E+00 2.252E-01
  1.083620E+00 2.009E-01
  1.143720E+00 1.793E-01
  1.207080E+00 1.600E-01
  1.273870E+00 1.427E-01
  1.344260E+00 1.273E-01
  1.418460E+00 1.136E-01
  1.496660E+00 1.014E-01
  1.579060E+00 9.043E-02
  1.665900E+00 8.068E-02
  1.757400E+00 7.197E-02
  1.853800E+00 6.420E-02
  1.955380E+00 5.727E-02
  2.062380E+00 5.109E-02
  2.175100E+00 4.557E-02
  2.293840E+00 4.065E-02
  2.418910E+00 3.625E-02
  2.550630E+00 3.233E-02
  2.688240E+00 2.886E-02
  2.738580E+00 2.767E-02
  2.929230E+00 2.381E-02
  3.114170E+00 2.073E-02
  3.293630E+00 1.823E-02
  3.636920E+00 1.446E-02
  3.960710E+00 1.181E-02
  4.178451E+00 1.087E-02
  4.407850E+00 9.659E-03
  4.649512E+00 8.585E-03
  4.904078E+00 7.629E-03
  5.172216E+00 6.780E-03
    1    0    0    8
     62     63
  1.423400E-01    0.0100
  1.067550E-01 1.643E+01
  1.237450E-01 1.214E+01
  1.422500E-01 9.162E+00
  1.503570E-01 8.183E+00
  1.589190E-01 7.308E+00
  1.679610E-01 6.527E+00
  1.775120E-01 5.829E+00
  1.875980E-01 5.206E+00
  1.982490E-01 4.649E+00
  2.094960E-01 4.152E+00
  2.213710E-01 3.708E+00
  2.339110E-01 3.311E+00
  2.471500E-01 2.956E+00
  2.611270E-01 2.640E+00
  2.758830E-01 2.357E+00
  2.914610E-01 2.105E+00
  3.079040E-01 1.879E+00
  3.252610E-01 1.678E+00
  3.435810E-01 1.498E+00
  3.629170E-01 1.338E+00
  3.833240E-01 1.194E+00
  4.048610E-01 1.066E+00
  4.275880E-01 9.518E-01
  4.515700E-01 8.497E-01
  4.768750E-01 7.585E-01
  5.035750E-01 6.771E-01
  5.317450E-01 6.044E-01
  5.614640E-01 5.395E-01
  5.928170E-01 4.816E-01
  6.258910E-01 4.299E-01
  6.607780E-01 3.837E-01
  6.975770E-01 3.424E-01
  7.363890E-01 3.056E-01
  7.773230E-01 2.728E-01
  8.204920E-01 2.434E-01
  8.660160E-01 2.173E-01
  9.140210E-01 1.939E-01
  9.646390E-01 1.730E-01
  1.018010E+00 1.544E-01
  1.074280E+00 1.378E-01
  1.133600E+00 1.229E-01
  1.196140E+00 1.097E-01
  1.262060E+00 9.789E-02
  1.331550E+00 8.734E-02
  1.404790E+00 7.793E-02
  1.481980E+00 6.953E-02
  1.563340E+00 6.203E-02
  1.649070E+00 5.534E-02
  1.739420E+00 4.937E-02
  1.834610E+00 4.405E-02
  1.934920E+00 3.929E-02
  2.040600E+00 3.505E-02
  2.151940E+00 3.127E-02
  2.269230E+00 2.789E-02
  2.392790E+00 2.488E-02
  2.522940E+00 2.219E-02
  2.644340E+00 2.005E-02
  2.694680E+00 1.920E-02
  2.885340E+00 1.648E-02
  3.070280E+00 1.432E-02
  3.249730E+00 1.257E-02
  3.593020E+00 9.938E-03
  3.791910E+00 9.096E-03
    1    0    0    9
     64     65
  1.123140E-01    0.0100
  8.423549E-02 2.019E+01
  9.371942E-02 1.568E+01
  1.122240E-01 1.086E+01
  1.185510E-01 9.699E+00
  1.252330E-01 8.662E+00
  1.322890E-01 7.736E+00
  1.397390E-01 6.909E+00
  1.476070E-01 6.170E+00
  1.559150E-01 5.510E+00
  1.646860E-01 4.920E+00
  1.739480E-01 4.394E+00
  1.837260E-01 3.924E+00
  1.940500E-01 3.504E+00
  2.049480E-01 3.129E+00
  2.164540E-01 2.794E+00
  2.286010E-01 2.494E+00
  2.414230E-01 2.227E+00
  2.549570E-01 1.989E+00
  2.692430E-01 1.776E+00
  2.843220E-01 1.585E+00
  3.002370E-01 1.415E+00
  3.170340E-01 1.264E+00
  3.347610E-01 1.128E+00
  3.534680E-01 1.007E+00
  3.732100E-01 8.993E-01
  3.940420E-01 8.028E-01
  4.160240E-01 7.167E-01
  4.392180E-01 6.398E-01
  4.636900E-01 5.711E-01
  4.895090E-01 5.098E-01
  5.167490E-01 4.551E-01
  5.454850E-01 4.062E-01
  5.757990E-01 3.626E-01
  6.077750E-01 3.237E-01
  6.415040E-01 2.889E-01
  6.770800E-01 2.578E-01
  7.146020E-01 2.301E-01
  7.541750E-01 2.054E-01
  7.959080E-01 1.833E-01
  8.399180E-01 1.636E-01
  8.863260E-01 1.460E-01
  9.352600E-01 1.303E-01
  9.868550E-01 1.163E-01
  1.041250E+00 1.037E-01
  1.098610E+00 9.258E-02
  1.159070E+00 8.261E-02
  1.222800E+00 7.371E-02
  1.289980E+00 6.577E-02
  1.360800E+00 5.868E-02
  1.435430E+00 5.236E-02
  1.514100E+00 4.671E-02
  1.597000E+00 4.168E-02
  1.684360E+00 3.718E-02
  1.776410E+00 3.317E-02
  1.873410E+00 2.959E-02
  1.975610E+00 2.640E-02
  2.083290E+00 2.355E-02
  2.196730E+00 2.100E-02
  2.316230E+00 1.874E-02
  2.442110E+00 1.671E-02
  2.574700E+00 1.491E-02
  2.614310E+00 1.442E-02
  2.664660E+00 1.381E-02
  2.855310E+00 1.183E-02
  3.014685E+00 1.062E-02
    1    0    0   10
     64     64
  9.087640E-02    0.0100
  6.815726E-02 2.393E+01
  7.228142E-02 2.021E+01
  9.078640E-02 1.266E+01
  9.586048E-02 1.131E+01
  1.012180E-01 1.010E+01
  1.068740E-01 9.016E+00
  1.128470E-01 8.052E+00
  1.191520E-01 7.190E+00
  1.258090E-01 6.421E+00
  1.328360E-01 5.733E+00
  1.402560E-01 5.120E+00
  1.480880E-01 4.572E+00
  1.563570E-01 4.082E+00
  1.650850E-01 3.645E+00
  1.742990E-01 3.255E+00
  1.840250E-01 2.906E+00
  1.942920E-01 2.595E+00
  2.051290E-01 2.317E+00
  2.165670E-01 2.069E+00
  2.286400E-01 1.847E+00
  2.413820E-01 1.649E+00
  2.548300E-01 1.473E+00
  2.690230E-01 1.315E+00
  2.840010E-01 1.174E+00
  2.998080E-01 1.048E+00
  3.164880E-01 9.356E-01
  3.340910E-01 8.352E-01
  3.526640E-01 7.456E-01
  3.722630E-01 6.656E-01
  3.929420E-01 5.942E-01
  4.147600E-01 5.305E-01
  4.377800E-01 4.735E-01
  4.620650E-01 4.227E-01
  4.876870E-01 3.773E-01
  5.147150E-01 3.368E-01
  5.432270E-01 3.006E-01
  5.733030E-01 2.683E-01
  6.050270E-01 2.395E-01
  6.384880E-01 2.138E-01
  6.737810E-01 1.908E-01
  7.110020E-01 1.703E-01
  7.502570E-01 1.520E-01
  7.916550E-01 1.356E-01
  8.353090E-01 1.211E-01
  8.813420E-01 1.080E-01
  9.298810E-01 9.641E-02
  9.810600E-01 8.604E-02
  1.035020E+00 7.678E-02
  1.091910E+00 6.851E-02
  1.151880E+00 6.114E-02
  1.215100E+00 5.455E-02
  1.281750E+00 4.868E-02
  1.351990E+00 4.343E-02
  1.426040E+00 3.875E-02
  1.504080E+00 3.457E-02
  1.586320E+00 3.085E-02
  1.673000E+00 2.752E-02
  1.764330E+00 2.455E-02
  1.860580E+00 2.190E-02
  1.961990E+00 1.954E-02
  2.068840E+00 1.743E-02
  2.181420E+00 1.555E-02
  2.300010E+00 1.387E-02
  2.424950E+00 1.237E-02
    3    0    0    1
     20     62
  2.594150E+00    0.0100
  2.519770E+00 1.367E+00
  2.538360E+00 1.350E+00
  2.556960E+00 1.333E+00
  2.575550E+00 1.316E+00
  2.594060E+00 1.299E+00
  2.773820E+00 1.154E+00
  2.961190E+00 1.026E+00
  3.156660E+00 9.116E-01
  3.360730E+00 8.105E-01
  3.573920E+00 7.208E-01
  3.796760E+00 6.411E-01
  4.029790E+00 5.703E-01
  4.273590E+00 5.075E-01
  4.528760E+00 4.516E-01
  4.795940E+00 4.020E-01
  5.075780E+00 3.579E-01
  5.368980E+00 3.187E-01
  5.676300E+00 2.838E-01
  5.998520E+00 2.528E-01
  6.336470E+00 2.252E-01
  6.701323E+00 1.989E-01
  7.083244E+00 1.761E-01
  7.482910E+00 1.559E-01
  7.900998E+00 1.380E-01
  8.338210E+00 1.222E-01
  8.795281E+00 1.082E-01
  9.272964E+00 9.572E-02
  9.772034E+00 8.471E-02
  1.029329E+01 7.495E-02
  1.083757E+01 6.631E-02
  1.140571E+01 5.866E-02
  1.199861E+01 5.189E-02
  1.261716E+01 4.589E-02
  1.326231E+01 4.059E-02
  1.393503E+01 3.589E-02
  1.463630E+01 3.174E-02
  1.536716E+01 2.806E-02
  1.612866E+01 2.480E-02
  1.692191E+01 2.193E-02
  1.774802E+01 1.938E-02
  1.860814E+01 1.713E-02
  1.950346E+01 1.514E-02
  2.043524E+01 1.338E-02
  2.140474E+01 1.182E-02
  2.241325E+01 1.044E-02
  2.346211E+01 9.224E-03
  2.455272E+01 8.148E-03
  2.568651E+01 7.197E-03
  2.686493E+01 6.357E-03
  2.808949E+01 5.614E-03
  2.936177E+01 4.958E-03
  3.068335E+01 4.378E-03
  3.205588E+01 3.865E-03
  3.348108E+01 3.413E-03
  3.496068E+01 3.013E-03
  3.649646E+01 2.660E-03
  3.809029E+01 2.348E-03
  3.974403E+01 2.072E-03
  4.145970E+01 1.829E-03
  4.323924E+01 1.614E-03
  4.508476E+01 1.424E-03
  4.699837E+01 1.257E-03
    3    0    0    2
     31     64
  1.093900E+00    0.0100
  1.019520E+00 2.431E+00
  1.038110E+00 2.354E+00
  1.056710E+00 2.281E+00
  1.075300E+00 2.211E+00
  1.093810E+00 2.144E+00
  1.164830E+00 1.914E+00
  1.239790E+00 1.708E+00
  1.318880E+00 1.524E+00
  1.402320E+00 1.360E+00
  1.490320E+00 1.213E+00
  1.583100E+00 1.082E+00
  1.680900E+00 9.655E-01
  1.783970E+00 8.611E-01
  1.892560E+00 7.679E-01
  2.006950E+00 6.848E-01
  2.127430E+00 6.106E-01
  2.254280E+00 5.444E-01
  2.387820E+00 4.853E-01
  2.528370E+00 4.326E-01
  2.676270E+00 3.856E-01
  2.831890E+00 3.437E-01
  2.995580E+00 3.063E-01
  3.167740E+00 2.729E-01
  3.348770E+00 2.432E-01
  3.539110E+00 2.167E-01
  3.739200E+00 1.931E-01
  3.949500E+00 1.720E-01
  4.170490E+00 1.532E-01
  4.402700E+00 1.365E-01
  4.646650E+00 1.216E-01
  4.902900E+00 1.083E-01
  5.178931E+00 9.592E-02
  5.468893E+00 8.510E-02
  5.773412E+00 7.550E-02
  6.093142E+00 6.697E-02
  6.428770E+00 5.940E-02
  6.781011E+00 5.268E-02
  7.150599E+00 4.672E-02
  7.538304E+00 4.143E-02
  7.944932E+00 3.674E-02
  8.371323E+00 3.257E-02
  8.818334E+00 2.888E-02
  9.286866E+00 2.560E-02
  9.777859E+00 2.269E-02
  1.029229E+01 2.011E-02
  1.083117E+01 1.782E-02
  1.139555E+01 1.580E-02
  1.198652E+01 1.400E-02
  1.260523E+01 1.240E-02
  1.325284E+01 1.099E-02
  1.393059E+01 9.736E-03
  1.463975E+01 8.625E-03
  1.538165E+01 7.640E-03
  1.615764E+01 6.768E-03
  1.696918E+01 5.994E-03
  1.781772E+01 5.309E-03
  1.870480E+01 4.701E-03
  1.963200E+01 4.163E-03
  2.060104E+01 3.686E-03
  2.161357E+01 3.264E-03
  2.267142E+01 2.890E-03
  2.377635E+01 2.558E-03
  2.493040E+01 2.265E-03
  2.613545E+01 2.005E-03
    3    0    0    3
     41     65
  6.008850E-01    0.0100
  5.265050E-01 3.969E+00
  5.451000E-01 3.726E+00
  5.636950E-01 3.504E+00
  5.822900E-01 3.302E+00
  6.007950E-01 3.117E+00
  6.382270E-01 2.785E+00
  6.778170E-01 2.488E+00
  7.196790E-01 2.223E+00
  7.639350E-01 1.985E+00
  8.107130E-01 1.773E+00
  8.601440E-01 1.584E+00
  9.123690E-01 1.414E+00
  9.675350E-01 1.263E+00
  1.025800E+00 1.127E+00
  1.087310E+00 1.007E+00
  1.152260E+00 8.985E-01
  1.220800E+00 8.020E-01
  1.293140E+00 7.158E-01
  1.369450E+00 6.388E-01
  1.449960E+00 5.701E-01
  1.534870E+00 5.087E-01
  1.624400E+00 4.538E-01
  1.718800E+00 4.049E-01
  1.818310E+00 3.612E-01
  1.923170E+00 3.222E-01
  2.033680E+00 2.874E-01
  2.150110E+00 2.563E-01
  2.272750E+00 2.286E-01
  2.401910E+00 2.038E-01
  2.537920E+00 1.817E-01
  2.681120E+00 1.620E-01
  2.831870E+00 1.444E-01
  2.990530E+00 1.288E-01
  3.157490E+00 1.148E-01
  3.333170E+00 1.023E-01
  3.517980E+00 9.118E-02
  3.712370E+00 8.126E-02
  3.916800E+00 7.241E-02
  4.131770E+00 6.452E-02
  4.357780E+00 5.749E-02
  4.595360E+00 5.122E-02
  4.851936E+00 4.548E-02
  5.121901E+00 4.039E-02
  5.405902E+00 3.587E-02
  5.704621E+00 3.185E-02
  6.018774E+00 2.828E-02
  6.349107E+00 2.510E-02
  6.696401E+00 2.229E-02
  7.061465E+00 1.978E-02
  7.445162E+00 1.756E-02
  7.848374E+00 1.559E-02
  8.272035E+00 1.383E-02
  8.717111E+00 1.228E-02
  9.184618E+00 1.090E-02
  9.675616E+00 9.669E-03
  1.019123E+01 8.580E-03
  1.073259E+01 7.613E-03
  1.130092E+01 6.755E-03
  1.189748E+01 5.993E-03
  1.252358E+01 5.317E-03
  1.318060E+01 4.717E-03
  1.386996E+01 4.184E-03
  1.459317E+01 3.711E-03
  1.535178E+01 3.292E-03
  1.614742E+01 2.919E-03
    3    0    0    4
     50     67
  3.793290E-01    0.0100
  3.049490E-01 6.330E+00
  3.235440E-01 5.670E+00
  3.421390E-01 5.107E+00
  3.607340E-01 4.623E+00
  3.792390E-01 4.206E+00
  4.018990E-01 3.761E+00
  4.258930E-01 3.362E+00
  4.512970E-01 3.005E+00
  4.781910E-01 2.687E+00
  5.066570E-01 2.401E+00
  5.367830E-01 2.146E+00
  5.686600E-01 1.918E+00
  6.023860E-01 1.714E+00
  6.380620E-01 1.531E+00
  6.757920E-01 1.368E+00
  7.156910E-01 1.222E+00
  7.578740E-01 1.092E+00
  8.024640E-01 9.753E-01
  8.495900E-01 8.711E-01
  8.993880E-01 7.780E-01
  9.519970E-01 6.947E-01
  1.007570E+00 6.203E-01
  1.066250E+00 5.538E-01
  1.128220E+00 4.944E-01
  1.193630E+00 4.413E-01
  1.262670E+00 3.938E-01
  1.335520E+00 3.515E-01
  1.412370E+00 3.136E-01
  1.493430E+00 2.798E-01
  1.578920E+00 2.497E-01
  1.669040E+00 2.227E-01
  1.764050E+00 1.987E-01
  1.864160E+00 1.772E-01
  1.969650E+00 1.580E-01
  2.080760E+00 1.409E-01
  2.197780E+00 1.256E-01
  2.320990E+00 1.120E-01
  2.450690E+00 9.981E-02
  2.587190E+00 8.896E-02
  2.730810E+00 7.928E-02
  2.881900E+00 7.065E-02
  3.040790E+00 6.294E-02
  3.207850E+00 5.608E-02
  3.383470E+00 4.995E-02
  3.568040E+00 4.449E-02
  3.761980E+00 3.962E-02
  3.965700E+00 3.528E-02
  3.979330E+00 3.502E-02
  3.994250E+00 3.453E-02
  4.308840E+00 2.912E-02
  4.548661E+00 2.626E-02
  4.801197E+00 2.333E-02
  5.067087E+00 2.073E-02
  5.347003E+00 1.841E-02
  5.641655E+00 1.636E-02
  5.951778E+00 1.453E-02
  6.278149E+00 1.290E-02
  6.621573E+00 1.146E-02
  6.982908E+00 1.018E-02
  7.363050E+00 9.041E-03
  7.762913E+00 8.029E-03
  8.183493E+00 7.130E-03
  8.625795E+00 6.331E-03
  9.090903E+00 5.622E-03
  9.579934E+00 4.992E-03
  1.009406E+01 4.432E-03
  1.063452E+01 3.935E-03
    3    0    0    5
     54     65
  2.610750E-01    0.0100
  1.958063E-01 9.409E+00
  2.052900E-01 8.554E+00
  2.238850E-01 7.253E+00
  2.424800E-01 6.225E+00
  2.609850E-01 5.402E+00
  2.765800E-01 4.826E+00
  2.930650E-01 4.312E+00
  3.104880E-01 3.852E+00
  3.289020E-01 3.441E+00
  3.483610E-01 3.074E+00
  3.689230E-01 2.746E+00
  3.906490E-01 2.453E+00
  4.136010E-01 2.191E+00
  4.378490E-01 1.957E+00
  4.634630E-01 1.748E+00
  4.905180E-01 1.561E+00
  5.190920E-01 1.394E+00
  5.492700E-01 1.245E+00
  5.811400E-01 1.112E+00
  6.147920E-01 9.927E-01
  6.503260E-01 8.865E-01
  6.878450E-01 7.916E-01
  7.274560E-01 7.069E-01
  7.692740E-01 6.312E-01
  8.134190E-01 5.636E-01
  8.600180E-01 5.032E-01
  9.092070E-01 4.493E-01
  9.611250E-01 4.012E-01
  1.015920E+00 3.582E-01
  1.073750E+00 3.198E-01
  1.134790E+00 2.855E-01
  1.199190E+00 2.549E-01
  1.267160E+00 2.276E-01
  1.338880E+00 2.032E-01
  1.414560E+00 1.814E-01
  1.494410E+00 1.619E-01
  1.578660E+00 1.445E-01
  1.667550E+00 1.290E-01
  1.761340E+00 1.152E-01
  1.860280E+00 1.028E-01
  1.964660E+00 9.179E-02
  2.074780E+00 8.194E-02
  2.190950E+00 7.314E-02
  2.313500E+00 6.529E-02
  2.442780E+00 5.828E-02
  2.579140E+00 5.203E-02
  2.722990E+00 4.644E-02
  2.763080E+00 4.504E-02
  2.813420E+00 4.322E-02
  3.004070E+00 3.744E-02
  3.189010E+00 3.279E-02
  3.542640E+00 2.586E-02
  3.875990E+00 2.106E-02
  4.190590E+00 1.765E-02
  4.424762E+00 1.615E-02
  4.671594E+00 1.435E-02
  4.931723E+00 1.276E-02
  5.205861E+00 1.134E-02
  5.494726E+00 1.008E-02
  5.799087E+00 8.957E-03
  6.119751E+00 7.960E-03
  6.457555E+00 7.074E-03
  6.813383E+00 6.286E-03
  7.188178E+00 5.586E-03
  7.582910E+00 4.964E-03
    3    0    0    6
     58     64
  1.906020E-01    0.0100
  1.429515E-01 1.185E+01
  1.534120E-01 1.022E+01
  1.720070E-01 8.183E+00
  1.905120E-01 6.700E+00
  2.017060E-01 5.986E+00
  2.135380E-01 5.348E+00
  2.260430E-01 4.777E+00
  2.392590E-01 4.268E+00
  2.532240E-01 3.813E+00
  2.679810E-01 3.406E+00
  2.835720E-01 3.042E+00
  3.000460E-01 2.717E+00
  3.174490E-01 2.427E+00
  3.358340E-01 2.168E+00
  3.552560E-01 1.936E+00
  3.757700E-01 1.729E+00
  3.974380E-01 1.545E+00
  4.203230E-01 1.380E+00
  4.444920E-01 1.232E+00
  4.700160E-01 1.100E+00
  4.969700E-01 9.826E-01
  5.254320E-01 8.775E-01
  5.554840E-01 7.836E-01
  5.872160E-01 6.998E-01
  6.207180E-01 6.249E-01
  6.560880E-01 5.580E-01
  6.934280E-01 4.982E-01
  7.328470E-01 4.449E-01
  7.744580E-01 3.972E-01
  8.183820E-01 3.547E-01
  8.647450E-01 3.167E-01
  9.136810E-01 2.828E-01
  9.653300E-01 2.525E-01
  1.019840E+00 2.254E-01
  1.077370E+00 2.012E-01
  1.138090E+00 1.797E-01
  1.202160E+00 1.604E-01
  1.269770E+00 1.432E-01
  1.341120E+00 1.279E-01
  1.416400E+00 1.141E-01
  1.495840E+00 1.019E-01
  1.579660E+00 9.097E-02
  1.668100E+00 8.121E-02
  1.761410E+00 7.250E-02
  1.859850E+00 6.472E-02
  1.963720E+00 5.778E-02
  2.073290E+00 5.158E-02
  2.188890E+00 4.604E-02
  2.310850E+00 4.110E-02
  2.439500E+00 3.669E-02
  2.575220E+00 3.275E-02
  2.692600E+00 2.983E-02
  2.742950E+00 2.859E-02
  2.933600E+00 2.468E-02
  3.118540E+00 2.154E-02
  3.297990E+00 1.899E-02
  3.641280E+00 1.516E-02
  3.965070E+00 1.248E-02
  4.187537E+00 1.145E-02
  4.422183E+00 1.018E-02
  4.669654E+00 9.050E-03
  4.930637E+00 8.047E-03
  5.205855E+00 7.155E-03
  5.496062E+00 6.361E-03
    3    0    0    7
     62     63
  1.452450E-01    0.0100
  1.089337E-01 1.431E+01
  1.266500E-01 1.061E+01
  1.451550E-01 8.095E+00
  1.535690E-01 7.232E+00
  1.624610E-01 6.460E+00
  1.718570E-01 5.771E+00
  1.817860E-01 5.156E+00
  1.922770E-01 4.605E+00
  2.033610E-01 4.114E+00
  2.150710E-01 3.675E+00
  2.274430E-01 3.282E+00
  2.405120E-01 2.932E+00
  2.543180E-01 2.619E+00
  2.689020E-01 2.339E+00
  2.843060E-01 2.089E+00
  3.005770E-01 1.866E+00
  3.177610E-01 1.666E+00
  3.359100E-01 1.488E+00
  3.550780E-01 1.329E+00
  3.753200E-01 1.187E+00
  3.966950E-01 1.060E+00
  4.192670E-01 9.468E-01
  4.431010E-01 8.455E-01
  4.682680E-01 7.550E-01
  4.948390E-01 6.743E-01
  5.228940E-01 6.021E-01
  5.525140E-01 5.377E-01
  5.837850E-01 4.801E-01
  6.167970E-01 4.287E-01
  6.516460E-01 3.828E-01
  6.884350E-01 3.418E-01
  7.272680E-01 3.052E-01
  7.682590E-01 2.725E-01
  8.115260E-01 2.433E-01
  8.571940E-01 2.173E-01
  9.053940E-01 1.940E-01
  9.562660E-01 1.732E-01
  1.009960E+00 1.546E-01
  1.066620E+00 1.381E-01
  1.126420E+00 1.233E-01
  1.189520E+00 1.101E-01
  1.256110E+00 9.825E-02
  1.326380E+00 8.772E-02
  1.400530E+00 7.831E-02
  1.478780E+00 6.991E-02
  1.561340E+00 6.241E-02
  1.648450E+00 5.572E-02
  1.740360E+00 4.974E-02
  1.837340E+00 4.441E-02
  1.939650E+00 3.964E-02
  2.047600E+00 3.539E-02
  2.161480E+00 3.159E-02
  2.281630E+00 2.820E-02
  2.408380E+00 2.517E-02
  2.542090E+00 2.247E-02
  2.647240E+00 2.064E-02
  2.697590E+00 1.976E-02
  2.888240E+00 1.701E-02
  3.073180E+00 1.482E-02
  3.252630E+00 1.305E-02
  3.595930E+00 1.038E-02
  3.919720E+00 8.530E-03
  4.140032E+00 7.845E-03
    3    0    0    8
     64     65
  1.143440E-01    0.0100
  8.575797E-02 1.757E+01
  9.574908E-02 1.365E+01
  1.142540E-01 9.583E+00
  1.207980E-01 8.561E+00
  1.277130E-01 7.647E+00
  1.350180E-01 6.831E+00
  1.427370E-01 6.102E+00
  1.508910E-01 5.451E+00
  1.595050E-01 4.869E+00
  1.686050E-01 4.349E+00
  1.782180E-01 3.884E+00
  1.883720E-01 3.470E+00
  1.990980E-01 3.099E+00
  2.104270E-01 2.768E+00
  2.223930E-01 2.472E+00
  2.350320E-01 2.208E+00
  2.483810E-01 1.972E+00
  2.624790E-01 1.761E+00
  2.773670E-01 1.573E+00
  2.930910E-01 1.405E+00
  3.096950E-01 1.255E+00
  3.272290E-01 1.120E+00
  3.457440E-01 1.001E+00
  3.652950E-01 8.936E-01
  3.859390E-01 7.980E-01
  4.077360E-01 7.127E-01
  4.307500E-01 6.364E-01
  4.550490E-01 5.683E-01
  4.807030E-01 5.075E-01
  5.077860E-01 4.532E-01
  5.363790E-01 4.047E-01
  5.665640E-01 3.614E-01
  5.984280E-01 3.227E-01
  6.320650E-01 2.881E-01
  6.675720E-01 2.573E-01
  7.050510E-01 2.297E-01
  7.446120E-01 2.051E-01
  7.863680E-01 1.831E-01
  8.304400E-01 1.635E-01
  8.769560E-01 1.460E-01
  9.260490E-01 1.303E-01
  9.778620E-01 1.164E-01
  1.032540E+00 1.039E-01
  1.090250E+00 9.277E-02
  1.151140E+00 8.282E-02
  1.215400E+00 7.394E-02
  1.283220E+00 6.601E-02
  1.354770E+00 5.893E-02
  1.430270E+00 5.261E-02
  1.509940E+00 4.697E-02
  1.594000E+00 4.193E-02
  1.682690E+00 3.743E-02
  1.776270E+00 3.342E-02
  1.874990E+00 2.983E-02
  1.979150E+00 2.663E-02
  2.089040E+00 2.377E-02
  2.204960E+00 2.122E-02
  2.327250E+00 1.894E-02
  2.456260E+00 1.691E-02
  2.592350E+00 1.509E-02
  2.616340E+00 1.480E-02
  2.666690E+00 1.417E-02
  2.857340E+00 1.218E-02
  3.042280E+00 1.060E-02
  3.214888E+00 9.545E-03
    3    0    0    9
     65     65
  9.235042E-02    0.0100
  6.926280E-02 2.088E+01
  7.375538E-02 1.755E+01
  9.226042E-02 1.116E+01
  9.749311E-02 9.969E+00
  1.030210E-01 8.904E+00
  1.088600E-01 7.953E+00
  1.150270E-01 7.104E+00
  1.215420E-01 6.345E+00
  1.284230E-01 5.668E+00
  1.356920E-01 5.062E+00
  1.433690E-01 4.521E+00
  1.514780E-01 4.038E+00
  1.600420E-01 3.607E+00
  1.690870E-01 3.222E+00
  1.786400E-01 2.877E+00
  1.887290E-01 2.570E+00
  1.993830E-01 2.295E+00
  2.106350E-01 2.050E+00
  2.225180E-01 1.831E+00
  2.350660E-01 1.635E+00
  2.483160E-01 1.460E+00
  2.623090E-01 1.304E+00
  2.770840E-01 1.165E+00
  2.926850E-01 1.040E+00
  3.091580E-01 9.288E-01
  3.265520E-01 8.294E-01
  3.449170E-01 7.407E-01
  3.643070E-01 6.614E-01
  3.847790E-01 5.907E-01
  4.063930E-01 5.275E-01
  4.292120E-01 4.710E-01
  4.533020E-01 4.206E-01
  4.787340E-01 3.756E-01
  5.055820E-01 3.354E-01
  5.339240E-01 2.995E-01
  5.638420E-01 2.674E-01
  5.954230E-01 2.388E-01
  6.287600E-01 2.132E-01
  6.639480E-01 1.904E-01
  7.010900E-01 1.700E-01
  7.402920E-01 1.518E-01
  7.816690E-01 1.355E-01
  8.253400E-01 1.210E-01
  8.714310E-01 1.080E-01
  9.200750E-01 9.645E-02
  9.714120E-01 8.611E-02
  1.025590E+00 7.688E-02
  1.082760E+00 6.864E-02
  1.143100E+00 6.128E-02
  1.206770E+00 5.471E-02
  1.273950E+00 4.884E-02
  1.344840E+00 4.361E-02
  1.419640E+00 3.893E-02
  1.498570E+00 3.475E-02
  1.581850E+00 3.103E-02
  1.669720E+00 2.770E-02
  1.762420E+00 2.472E-02
  1.860230E+00 2.207E-02
  1.963410E+00 1.970E-02
  2.072270E+00 1.759E-02
  2.187110E+00 1.570E-02
  2.308260E+00 1.401E-02
  2.436060E+00 1.251E-02
  2.570870E+00 1.117E-02
  2.594350E+00 1.095E-02
    1    2    0    1
     54     60
  1.000410E+00    0.0100
  9.260330E-01 2.609E+00
  9.446280E-01 2.438E+00
  9.632230E-01 2.280E+00
  9.818180E-01 2.136E+00
  1.000320E+00 2.003E+00
  1.036560E+00 1.770E+00
  1.074020E+00 1.564E+00
  1.112740E+00 1.381E+00
  1.152740E+00 1.220E+00
  1.194070E+00 1.078E+00
  1.236770E+00 9.516E-01
  1.280860E+00 8.403E-01
  1.326390E+00 7.420E-01
  1.373390E+00 6.551E-01
  1.421900E+00 5.783E-01
  1.471960E+00 5.104E-01
  1.523600E+00 4.505E-01
  1.576880E+00 3.976E-01
  1.631830E+00 3.508E-01
  1.688490E+00 3.095E-01
  1.746900E+00 2.731E-01
  1.807100E+00 2.409E-01
  1.869150E+00 2.125E-01
  1.933070E+00 1.874E-01
  1.998920E+00 1.653E-01
  2.066740E+00 1.457E-01
  2.136580E+00 1.285E-01
  2.208480E+00 1.133E-01
  2.282490E+00 9.987E-02
  2.358650E+00 8.803E-02
  2.437010E+00 7.759E-02
  2.517630E+00 6.837E-02
  2.600540E+00 6.025E-02
  2.685810E+00 5.309E-02
  2.773470E+00 4.677E-02
  2.863590E+00 4.120E-02
  2.956200E+00 3.629E-02
  3.051370E+00 3.197E-02
  3.149150E+00 2.815E-02
  3.249590E+00 2.479E-02
  3.352730E+00 2.183E-02
  3.458650E+00 1.922E-02
  3.567380E+00 1.692E-02
  3.679000E+00 1.490E-02
  3.793540E+00 1.311E-02
  3.911080E+00 1.154E-02
  4.031660E+00 1.016E-02
  4.155350E+00 8.937E-03
  4.282200E+00 7.863E-03
  4.412270E+00 6.918E-03
  4.545630E+00 6.087E-03
  4.682320E+00 5.354E-03
  4.822420E+00 4.710E-03
  4.965990E+00 4.142E-03
  5.117639E+00 3.691E-03
  5.273357E+00 3.244E-03
  5.433243E+00 2.851E-03
  5.597396E+00 2.505E-03
  5.765913E+00 2.201E-03
  5.938897E+00 1.934E-03
    1    2    0    2
     61     61
  5.626690E-01    0.0100
  4.882890E-01 5.849E+00
  5.068840E-01 5.283E+00
  5.254790E-01 4.786E+00
  5.440740E-01 4.348E+00
  5.625790E-01 3.962E+00
  5.874170E-01 3.506E+00
  6.131830E-01 3.103E+00
  6.399040E-01 2.745E+00
  6.676080E-01 2.429E+00
  6.963240E-01 2.148E+00
  7.260790E-01 1.900E+00
  7.569040E-01 1.680E+00
  7.888290E-01 1.486E+00
  8.218840E-01 1.314E+00
  8.561010E-01 1.161E+00
  8.915120E-01 1.026E+00
  9.281480E-01 9.071E-01
  9.660440E-01 8.016E-01
  1.005230E+00 7.083E-01
  1.045750E+00 6.257E-01
  1.087630E+00 5.528E-01
  1.130900E+00 4.882E-01
  1.175610E+00 4.312E-01
  1.221790E+00 3.808E-01
  1.269480E+00 3.362E-01
  1.318720E+00 2.968E-01
  1.369550E+00 2.620E-01
  1.422000E+00 2.313E-01
  1.476120E+00 2.042E-01
  1.531940E+00 1.802E-01
  1.589520E+00 1.590E-01
  1.648890E+00 1.403E-01
  1.710090E+00 1.238E-01
  1.773180E+00 1.092E-01
  1.838180E+00 9.630E-02
  1.905160E+00 8.493E-02
  1.974160E+00 7.490E-02
  2.045220E+00 6.605E-02
  2.118400E+00 5.824E-02
  2.193730E+00 5.135E-02
  2.271280E+00 4.527E-02
  2.351090E+00 3.990E-02
  2.433210E+00 3.517E-02
  2.517700E+00 3.100E-02
  2.604600E+00 2.732E-02
  2.693980E+00 2.407E-02
  2.785880E+00 2.121E-02
  2.880370E+00 1.869E-02
  2.977490E+00 1.646E-02
  3.077310E+00 1.450E-02
  3.179890E+00 1.277E-02
  3.285280E+00 1.125E-02
  3.393540E+00 9.909E-03
  3.504750E+00 8.726E-03
  3.618940E+00 7.684E-03
  3.736200E+00 6.766E-03
  3.856580E+00 5.957E-03
  3.980150E+00 5.244E-03
  4.106980E+00 4.616E-03
  4.237130E+00 4.063E-03
  4.370670E+00 3.577E-03
    1    2    0    3
     61     61
  3.600950E-01    0.0100
  2.857150E-01 1.044E+01
  3.043090E-01 8.963E+00
  3.229050E-01 7.754E+00
  3.415000E-01 6.753E+00
  3.600050E-01 5.920E+00
  3.775120E-01 5.249E+00
  3.957450E-01 4.654E+00
  4.147280E-01 4.125E+00
  4.344830E-01 3.656E+00
  4.550360E-01 3.239E+00
  4.764120E-01 2.870E+00
  4.986370E-01 2.542E+00
  5.217350E-01 2.252E+00
  5.457340E-01 1.994E+00
  5.706620E-01 1.765E+00
  5.965450E-01 1.563E+00
  6.234130E-01 1.383E+00
  6.512930E-01 1.224E+00
  6.802160E-01 1.083E+00
  7.102110E-01 9.586E-01
  7.413090E-01 8.480E-01
  7.735420E-01 7.501E-01
  8.069400E-01 6.634E-01
  8.415370E-01 5.866E-01
  8.773650E-01 5.186E-01
  9.144580E-01 4.585E-01
  9.528510E-01 4.053E-01
  9.925780E-01 3.582E-01
  1.033670E+00 3.165E-01
  1.076180E+00 2.797E-01
  1.120120E+00 2.471E-01
  1.165550E+00 2.183E-01
  1.212490E+00 1.928E-01
  1.260990E+00 1.703E-01
  1.311090E+00 1.504E-01
  1.362830E+00 1.328E-01
  1.416240E+00 1.172E-01
  1.471370E+00 1.035E-01
  1.528270E+00 9.132E-02
  1.586970E+00 8.060E-02
  1.647520E+00 7.112E-02
  1.709960E+00 6.276E-02
  1.774350E+00 5.537E-02
  1.840710E+00 4.885E-02
  1.909110E+00 4.309E-02
  1.979590E+00 3.800E-02
  2.052200E+00 3.352E-02
  2.126990E+00 2.956E-02
  2.204000E+00 2.606E-02
  2.283290E+00 2.298E-02
  2.364910E+00 2.026E-02
  2.448910E+00 1.786E-02
  2.535350E+00 1.574E-02
  2.624280E+00 1.387E-02
  2.715750E+00 1.222E-02
  2.809830E+00 1.077E-02
  2.906560E+00 9.490E-03
  3.006010E+00 8.361E-03
  3.108230E+00 7.366E-03
  3.213280E+00 6.488E-03
  3.321230E+00 5.715E-03
    1    2    0    4
     62     62
  2.500550E-01    0.0100
  1.875412E-01 1.554E+01
  1.942700E-01 1.423E+01
  2.128650E-01 1.154E+01
  2.314600E-01 9.499E+00
  2.499650E-01 7.928E+00
  2.627400E-01 7.041E+00
  2.760890E-01 6.252E+00
  2.900320E-01 5.550E+00
  3.045900E-01 4.927E+00
  3.197860E-01 4.372E+00
  3.356400E-01 3.880E+00
  3.521760E-01 3.442E+00
  3.694170E-01 3.053E+00
  3.873860E-01 2.707E+00
  4.061060E-01 2.401E+00
  4.256040E-01 2.128E+00
  4.459030E-01 1.887E+00
  4.670300E-01 1.672E+00
  4.890110E-01 1.482E+00
  5.118730E-01 1.313E+00
  5.356420E-01 1.163E+00
  5.603470E-01 1.030E+00
  5.860160E-01 9.120E-01
  6.126790E-01 8.075E-01
  6.403640E-01 7.149E-01
  6.691030E-01 6.328E-01
  6.989250E-01 5.600E-01
  7.298620E-01 4.955E-01
  7.619460E-01 4.384E-01
  7.952100E-01 3.878E-01
  8.296860E-01 3.431E-01
  8.654090E-01 3.034E-01
  9.024130E-01 2.683E-01
  9.407330E-01 2.372E-01
  9.804050E-01 2.097E-01
  1.021460E+00 1.853E-01
  1.063950E+00 1.638E-01
  1.107900E+00 1.447E-01
  1.153340E+00 1.279E-01
  1.200330E+00 1.130E-01
  1.248900E+00 9.980E-02
  1.299090E+00 8.814E-02
  1.350940E+00 7.784E-02
  1.404490E+00 6.873E-02
  1.459790E+00 6.069E-02
  1.516870E+00 5.357E-02
  1.575790E+00 4.729E-02
  1.636580E+00 4.174E-02
  1.699300E+00 3.683E-02
  1.763990E+00 3.250E-02
  1.830690E+00 2.868E-02
  1.899450E+00 2.530E-02
  1.970330E+00 2.232E-02
  2.043360E+00 1.968E-02
  2.118610E+00 1.736E-02
  2.196110E+00 1.531E-02
  2.275930E+00 1.350E-02
  2.358120E+00 1.190E-02
  2.442720E+00 1.049E-02
  2.529790E+00 9.249E-03
  2.619390E+00 8.152E-03
  2.711580E+00 7.185E-03
    1    2    0    5
     61     61
  1.837070E-01    0.0100
  1.377802E-01 1.939E+01
  1.465170E-01 1.666E+01
  1.651120E-01 1.275E+01
  1.836170E-01 1.002E+01
  1.932430E-01 8.910E+00
  2.033260E-01 7.922E+00
  2.138870E-01 7.042E+00
  2.249420E-01 6.258E+00
  2.365110E-01 5.561E+00
  2.486120E-01 4.941E+00
  2.612680E-01 4.389E+00
  2.744960E-01 3.898E+00
  2.883190E-01 3.461E+00
  3.027580E-01 3.073E+00
  3.178340E-01 2.728E+00
  3.335700E-01 2.421E+00
  3.499900E-01 2.148E+00
  3.671160E-01 1.906E+00
  3.849730E-01 1.690E+00
  4.035850E-01 1.499E+00
  4.229770E-01 1.329E+00
  4.431750E-01 1.179E+00
  4.642040E-01 1.045E+00
  4.860930E-01 9.259E-01
  5.088680E-01 8.205E-01
  5.325560E-01 7.270E-01
  5.571870E-01 6.440E-01
  5.827890E-01 5.704E-01
  6.093920E-01 5.051E-01
  6.370260E-01 4.472E-01
  6.657210E-01 3.959E-01
  6.955100E-01 3.505E-01
  7.264240E-01 3.102E-01
  7.584950E-01 2.745E-01
  7.917560E-01 2.429E-01
  8.262430E-01 2.148E-01
  8.619880E-01 1.900E-01
  8.990270E-01 1.681E-01
  9.373950E-01 1.486E-01
  9.771290E-01 1.314E-01
  1.018270E+00 1.162E-01
  1.060840E+00 1.027E-01
  1.104900E+00 9.073E-02
  1.150470E+00 8.018E-02
  1.197600E+00 7.084E-02
  1.246330E+00 6.258E-02
  1.296700E+00 5.528E-02
  1.348740E+00 4.883E-02
  1.402510E+00 4.312E-02
  1.458050E+00 3.807E-02
  1.515390E+00 3.362E-02
  1.574580E+00 2.968E-02
  1.635680E+00 2.619E-02
  1.698720E+00 2.312E-02
  1.763750E+00 2.040E-02
  1.830820E+00 1.800E-02
  1.899980E+00 1.588E-02
  1.971270E+00 1.401E-02
  2.044750E+00 1.236E-02
  2.120460E+00 1.090E-02
  2.198470E+00 9.614E-03
    1    2    0    6
     61     61
  1.406470E-01    0.0100
  1.054852E-01 2.321E+01
  1.220520E-01 1.671E+01
  1.405570E-01 1.221E+01
  1.480120E-01 1.087E+01
  1.558380E-01 9.672E+00
  1.640500E-01 8.607E+00
  1.726640E-01 7.657E+00
  1.816960E-01 6.811E+00
  1.911650E-01 6.057E+00
  2.010870E-01 5.386E+00
  2.114800E-01 4.789E+00
  2.223630E-01 4.256E+00
  2.337550E-01 3.783E+00
  2.456760E-01 3.361E+00
  2.581450E-01 2.986E+00
  2.711830E-01 2.653E+00
  2.848120E-01 2.356E+00
  2.990520E-01 2.092E+00
  3.139250E-01 1.857E+00
  3.294550E-01 1.648E+00
  3.456650E-01 1.463E+00
  3.625780E-01 1.298E+00
  3.802180E-01 1.152E+00
  3.986100E-01 1.022E+00
  4.177800E-01 9.060E-01
  4.377530E-01 8.034E-01
  4.585570E-01 7.123E-01
  4.802160E-01 6.314E-01
  5.027600E-01 5.596E-01
  5.262170E-01 4.959E-01
  5.506140E-01 4.393E-01
  5.759820E-01 3.892E-01
  6.023500E-01 3.447E-01
  6.297480E-01 3.053E-01
  6.582080E-01 2.703E-01
  6.877610E-01 2.393E-01
  7.184400E-01 2.118E-01
  7.502770E-01 1.874E-01
  7.833060E-01 1.659E-01
  8.175600E-01 1.468E-01
  8.530750E-01 1.298E-01
  8.898850E-01 1.148E-01
  9.280270E-01 1.016E-01
  9.675380E-01 8.980E-02
  1.008450E+00 7.939E-02
  1.050810E+00 7.018E-02
  1.094650E+00 6.203E-02
  1.140020E+00 5.482E-02
  1.186940E+00 4.844E-02
  1.235460E+00 4.280E-02
  1.285630E+00 3.781E-02
  1.337480E+00 3.340E-02
  1.391060E+00 2.950E-02
  1.446410E+00 2.605E-02
  1.503570E+00 2.300E-02
  1.562590E+00 2.031E-02
  1.623520E+00 1.793E-02
  1.686400E+00 1.582E-02
  1.751270E+00 1.396E-02
  1.818190E+00 1.232E-02
  1.887210E+00 1.087E-02
    1    2    0    7
     61     61
  1.111260E-01    0.0100
  8.334446E-02 2.832E+01
  9.253138E-02 2.165E+01
  1.110370E-01 1.451E+01
  1.169510E-01 1.293E+01
  1.231680E-01 1.151E+01
  1.297020E-01 1.025E+01
  1.365670E-01 9.127E+00
  1.437760E-01 8.125E+00
  1.513450E-01 7.232E+00
  1.592890E-01 6.436E+00
  1.676240E-01 5.727E+00
  1.763670E-01 5.095E+00
  1.855350E-01 4.532E+00
  1.951440E-01 4.030E+00
  2.052130E-01 3.584E+00
  2.157600E-01 3.186E+00
  2.268030E-01 2.832E+00
  2.383630E-01 2.517E+00
  2.504590E-01 2.237E+00
  2.631110E-01 1.987E+00
  2.763400E-01 1.765E+00
  2.901680E-01 1.567E+00
  3.046170E-01 1.392E+00
  3.197090E-01 1.236E+00
  3.354670E-01 1.097E+00
  3.519150E-01 9.735E-01
  3.690770E-01 8.638E-01
  3.869770E-01 7.663E-01
  4.056410E-01 6.798E-01
  4.250940E-01 6.029E-01
  4.453630E-01 5.346E-01
  4.664750E-01 4.740E-01
  4.884560E-01 4.202E-01
  5.113360E-01 3.724E-01
  5.351420E-01 3.300E-01
  5.599050E-01 2.924E-01
  5.856530E-01 2.590E-01
  6.124170E-01 2.294E-01
  6.402270E-01 2.032E-01
  6.691170E-01 1.799E-01
  6.991160E-01 1.592E-01
  7.302590E-01 1.410E-01
  7.625790E-01 1.248E-01
  7.961090E-01 1.104E-01
  8.308850E-01 9.767E-02
  8.669410E-01 8.641E-02
  9.043130E-01 7.643E-02
  9.430390E-01 6.759E-02
  9.831540E-01 5.977E-02
  1.024700E+00 5.284E-02
  1.067710E+00 4.671E-02
  1.112220E+00 4.129E-02
  1.158280E+00 3.649E-02
  1.205920E+00 3.224E-02
  1.255190E+00 2.849E-02
  1.306130E+00 2.517E-02
  1.358780E+00 2.223E-02
  1.413190E+00 1.963E-02
  1.469390E+00 1.734E-02
  1.527430E+00 1.531E-02
  1.587370E+00 1.352E-02
    1    2    0    8
     61     61
  9.001112E-02    0.0100
  6.750834E-02 3.327E+01
  7.141602E-02 2.794E+01
  8.992112E-02 1.691E+01
  9.471190E-02 1.507E+01
  9.975332E-02 1.343E+01
  1.050570E-01 1.197E+01
  1.106350E-01 1.066E+01
  1.165010E-01 9.498E+00
  1.226670E-01 8.459E+00
  1.291470E-01 7.533E+00
  1.359550E-01 6.708E+00
  1.431050E-01 5.971E+00
  1.506120E-01 5.315E+00
  1.584920E-01 4.730E+00
  1.667610E-01 4.209E+00
  1.754340E-01 3.745E+00
  1.845290E-01 3.331E+00
  1.940640E-01 2.963E+00
  2.040550E-01 2.635E+00
  2.145220E-01 2.342E+00
  2.254830E-01 2.082E+00
  2.369570E-01 1.851E+00
  2.489650E-01 1.645E+00
  2.615260E-01 1.461E+00
  2.746630E-01 1.298E+00
  2.883960E-01 1.153E+00
  3.027470E-01 1.024E+00
  3.177390E-01 9.090E-01
  3.333950E-01 8.069E-01
  3.497380E-01 7.162E-01
  3.667930E-01 6.355E-01
  3.845840E-01 5.639E-01
  4.031380E-01 5.002E-01
  4.224780E-01 4.437E-01
  4.426330E-01 3.934E-01
  4.636290E-01 3.488E-01
  4.854930E-01 3.093E-01
  5.082540E-01 2.741E-01
  5.319400E-01 2.429E-01
  5.565800E-01 2.152E-01
  5.822050E-01 1.907E-01
  6.088450E-01 1.689E-01
  6.365310E-01 1.496E-01
  6.652950E-01 1.325E-01
  6.951690E-01 1.173E-01
  7.261850E-01 1.038E-01
  7.583780E-01 9.189E-02
  7.917810E-01 8.132E-02
  8.264290E-01 7.195E-02
  8.623580E-01 6.366E-02
  8.996030E-01 5.631E-02
  9.382010E-01 4.980E-02
  9.781900E-01 4.404E-02
  1.019610E+00 3.894E-02
  1.062490E+00 3.442E-02
  1.106880E+00 3.043E-02
  1.152820E+00 2.689E-02
  1.200340E+00 2.377E-02
  1.249490E+00 2.100E-02
  1.300310E+00 1.855E-02
  1.352840E+00 1.639E-02
    3    2    0    1
     53     60
  1.001150E+00    0.0100
  9.267720E-01 2.650E+00
  9.453670E-01 2.478E+00
  9.639620E-01 2.319E+00
  9.825570E-01 2.172E+00
  1.001060E+00 2.038E+00
  1.037740E+00 1.800E+00
  1.075640E+00 1.590E+00
  1.114790E+00 1.405E+00
  1.155220E+00 1.240E+00
  1.196970E+00 1.095E+00
  1.240080E+00 9.673E-01
  1.284590E+00 8.541E-01
  1.330530E+00 7.541E-01
  1.377950E+00 6.657E-01
  1.426880E+00 5.877E-01
  1.477360E+00 5.187E-01
  1.529430E+00 4.578E-01
  1.583150E+00 4.041E-01
  1.638550E+00 3.566E-01
  1.695670E+00 3.147E-01
  1.754560E+00 2.777E-01
  1.815270E+00 2.450E-01
  1.877840E+00 2.161E-01
  1.942320E+00 1.907E-01
  2.008770E+00 1.682E-01
  2.077220E+00 1.483E-01
  2.147740E+00 1.308E-01
  2.220360E+00 1.154E-01
  2.295160E+00 1.018E-01
  2.372170E+00 8.973E-02
  2.451460E+00 7.911E-02
  2.533070E+00 6.975E-02
  2.617080E+00 6.149E-02
  2.703530E+00 5.421E-02
  2.792480E+00 4.779E-02
  2.883990E+00 4.212E-02
  2.978140E+00 3.712E-02
  3.074970E+00 3.272E-02
  3.174550E+00 2.883E-02
  3.276940E+00 2.541E-02
  3.382220E+00 2.239E-02
  3.490450E+00 1.972E-02
  3.601690E+00 1.738E-02
  3.716020E+00 1.531E-02
  3.833500E+00 1.348E-02
  3.954220E+00 1.188E-02
  4.078230E+00 1.046E-02
  4.205620E+00 9.214E-03
  4.336470E+00 8.114E-03
  4.470840E+00 7.146E-03
  4.608820E+00 6.292E-03
  4.750480E+00 5.540E-03
  4.895910E+00 4.878E-03
  5.048593E+00 4.316E-03
  5.205510E+00 3.794E-03
  5.366767E+00 3.336E-03
  5.532472E+00 2.933E-03
  5.702731E+00 2.578E-03
  5.877659E+00 2.266E-03
  6.057369E+00 1.992E-03
    3    2    0    2
     61     61
  5.630810E-01    0.0100
  4.887010E-01 5.961E+00
  5.072960E-01 5.387E+00
  5.258910E-01 4.882E+00
  5.444860E-01 4.437E+00
  5.629910E-01 4.044E+00
  5.881370E-01 3.578E+00
  6.142050E-01 3.165E+00
  6.412220E-01 2.800E+00
  6.692170E-01 2.477E+00
  6.982170E-01 2.190E+00
  7.282530E-01 1.937E+00
  7.593530E-01 1.713E+00
  7.915490E-01 1.514E+00
  8.248730E-01 1.339E+00
  8.593560E-01 1.183E+00
  8.950310E-01 1.046E+00
  9.319310E-01 9.241E-01
  9.700920E-01 8.166E-01
  1.009550E+00 7.215E-01
  1.050340E+00 6.375E-01
  1.092490E+00 5.632E-01
  1.136050E+00 4.974E-01
  1.181050E+00 4.394E-01
  1.227540E+00 3.880E-01
  1.275550E+00 3.427E-01
  1.325130E+00 3.026E-01
  1.376310E+00 2.672E-01
  1.429140E+00 2.359E-01
  1.483660E+00 2.082E-01
  1.539920E+00 1.838E-01
  1.597960E+00 1.622E-01
  1.657830E+00 1.432E-01
  1.719580E+00 1.264E-01
  1.783250E+00 1.115E-01
  1.848900E+00 9.838E-02
  1.916570E+00 8.680E-02
  1.986330E+00 7.658E-02
  2.058210E+00 6.756E-02
  2.132270E+00 5.959E-02
  2.208580E+00 5.256E-02
  2.287180E+00 4.636E-02
  2.368130E+00 4.088E-02
  2.451500E+00 3.605E-02
  2.537330E+00 3.179E-02
  2.625700E+00 2.803E-02
  2.716660E+00 2.471E-02
  2.810270E+00 2.179E-02
  2.906610E+00 1.921E-02
  3.005740E+00 1.693E-02
  3.107720E+00 1.492E-02
  3.212630E+00 1.315E-02
  3.320530E+00 1.159E-02
  3.431490E+00 1.021E-02
  3.545590E+00 9.001E-03
  3.662900E+00 7.931E-03
  3.783500E+00 6.988E-03
  3.907470E+00 6.157E-03
  4.034880E+00 5.424E-03
  4.165810E+00 4.778E-03
  4.300340E+00 4.209E-03
  4.438570E+00 3.708E-03
    3    2    0    3
     61     61
  3.603280E-01    0.0100
  2.859480E-01 1.067E+01
  3.045430E-01 9.168E+00
  3.231380E-01 7.934E+00
  3.417330E-01 6.912E+00
  3.602380E-01 6.061E+00
  3.780060E-01 5.372E+00
  3.964950E-01 4.761E+00
  4.157270E-01 4.219E+00
  4.357260E-01 3.738E+00
  4.565160E-01 3.311E+00
  4.781220E-01 2.932E+00
  5.005710E-01 2.597E+00
  5.238870E-01 2.300E+00
  5.480980E-01 2.036E+00
  5.732310E-01 1.802E+00
  5.993140E-01 1.595E+00
  6.263760E-01 1.412E+00
  6.544460E-01 1.249E+00
  6.835540E-01 1.105E+00
  7.137310E-01 9.780E-01
  7.450080E-01 8.651E-01
  7.774180E-01 7.652E-01
  8.109930E-01 6.767E-01
  8.457680E-01 5.984E-01
  8.817760E-01 5.291E-01
  9.190520E-01 4.678E-01
  9.576330E-01 4.135E-01
  9.975550E-01 3.655E-01
  1.038860E+00 3.230E-01
  1.081570E+00 2.854E-01
  1.125750E+00 2.522E-01
  1.171420E+00 2.228E-01
  1.218630E+00 1.969E-01
  1.267420E+00 1.739E-01
  1.317820E+00 1.536E-01
  1.369900E+00 1.357E-01
  1.423680E+00 1.198E-01
  1.479230E+00 1.058E-01
  1.536570E+00 9.341E-02
  1.595760E+00 8.246E-02
  1.656850E+00 7.280E-02
  1.719880E+00 6.426E-02
  1.784910E+00 5.671E-02
  1.852000E+00 5.005E-02
  1.921180E+00 4.417E-02
  1.992520E+00 3.898E-02
  2.066070E+00 3.439E-02
  2.141880E+00 3.034E-02
  2.220010E+00 2.676E-02
  2.300520E+00 2.361E-02
  2.383480E+00 2.082E-02
  2.468930E+00 1.837E-02
  2.556940E+00 1.620E-02
  2.647580E+00 1.428E-02
  2.740900E+00 1.259E-02
  2.836980E+00 1.110E-02
  2.935870E+00 9.790E-03
  3.037660E+00 8.631E-03
  3.142390E+00 7.608E-03
  3.250150E+00 6.706E-03
  3.361010E+00 5.911E-03
    3    2    0    4
     62     62
  2.501970E-01    0.0100
  1.876477E-01 1.596E+01
  1.944120E-01 1.460E+01
  2.130070E-01 1.184E+01
  2.316020E-01 9.753E+00
  2.501070E-01 8.142E+00
  2.630590E-01 7.228E+00
  2.765830E-01 6.416E+00
  2.906980E-01 5.694E+00
  3.054250E-01 5.053E+00
  3.207860E-01 4.483E+00
  3.368010E-01 3.977E+00
  3.534940E-01 3.527E+00
  3.708860E-01 3.128E+00
  3.890030E-01 2.773E+00
  4.078660E-01 2.459E+00
  4.275020E-01 2.179E+00
  4.479350E-01 1.931E+00
  4.691920E-01 1.711E+00
  4.912980E-01 1.516E+00
  5.142800E-01 1.343E+00
  5.381660E-01 1.190E+00
  5.629850E-01 1.054E+00
  5.887650E-01 9.330E-01
  6.155360E-01 8.261E-01
  6.433280E-01 7.313E-01
  6.721730E-01 6.473E-01
  7.021020E-01 5.729E-01
  7.331460E-01 5.069E-01
  7.653410E-01 4.485E-01
  7.987190E-01 3.968E-01
  8.333140E-01 3.510E-01
  8.691630E-01 3.105E-01
  9.063010E-01 2.746E-01
  9.447660E-01 2.428E-01
  9.845940E-01 2.147E-01
  1.025830E+00 1.898E-01
  1.068500E+00 1.678E-01
  1.112650E+00 1.483E-01
  1.158330E+00 1.310E-01
  1.205570E+00 1.158E-01
  1.254420E+00 1.023E-01
  1.304920E+00 9.039E-02
  1.357110E+00 7.985E-02
  1.411040E+00 7.053E-02
  1.466770E+00 6.229E-02
  1.524320E+00 5.501E-02
  1.583760E+00 4.857E-02
  1.645130E+00 4.289E-02
  1.708480E+00 3.786E-02
  1.773860E+00 3.342E-02
  1.841320E+00 2.950E-02
  1.910930E+00 2.604E-02
  1.982720E+00 2.298E-02
  2.056760E+00 2.028E-02
  2.133100E+00 1.789E-02
  2.211800E+00 1.578E-02
  2.292920E+00 1.393E-02
  2.376520E+00 1.228E-02
  2.462650E+00 1.083E-02
  2.551380E+00 9.556E-03
  2.642780E+00 8.427E-03
  2.736900E+00 7.431E-03
    3    2    0    5
     61     61
  1.837990E-01    0.0100
  1.378493E-01 1.999E+01
  1.466090E-01 1.716E+01
  1.652040E-01 1.313E+01
  1.837090E-01 1.032E+01
  1.934540E-01 9.174E+00
  2.036560E-01 8.154E+00
  2.143340E-01 7.246E+00
  2.255050E-01 6.438E+00
  2.371870E-01 5.720E+00
  2.494010E-01 5.080E+00
  2.621650E-01 4.511E+00
  2.754990E-01 4.006E+00
  2.894250E-01 3.556E+00
  3.039630E-01 3.157E+00
  3.191360E-01 2.801E+00
  3.349650E-01 2.486E+00
  3.514740E-01 2.205E+00
  3.686850E-01 1.956E+00
  3.866240E-01 1.735E+00
  4.053140E-01 1.539E+00
  4.247810E-01 1.364E+00
  4.450500E-01 1.209E+00
  4.661480E-01 1.072E+00
  4.881030E-01 9.499E-01
  5.109410E-01 8.418E-01
  5.346910E-01 7.458E-01
  5.593820E-01 6.606E-01
  5.850440E-01 5.851E-01
  6.117070E-01 5.182E-01
  6.394020E-01 4.589E-01
  6.681610E-01 4.063E-01
  6.980160E-01 3.596E-01
  7.289990E-01 3.183E-01
  7.611460E-01 2.817E-01
  7.944900E-01 2.493E-01
  8.290670E-01 2.206E-01
  8.649130E-01 1.951E-01
  9.020650E-01 1.726E-01
  9.405590E-01 1.526E-01
  9.804350E-01 1.350E-01
  1.021730E+00 1.194E-01
  1.064490E+00 1.055E-01
  1.108750E+00 9.328E-02
  1.154550E+00 8.245E-02
  1.201930E+00 7.287E-02
  1.250950E+00 6.439E-02
  1.301640E+00 5.690E-02
  1.354040E+00 5.027E-02
  1.408210E+00 4.441E-02
  1.464180E+00 3.922E-02
  1.522020E+00 3.464E-02
  1.581760E+00 3.059E-02
  1.643460E+00 2.701E-02
  1.707160E+00 2.385E-02
  1.772920E+00 2.106E-02
  1.840790E+00 1.859E-02
  1.910830E+00 1.641E-02
  1.983080E+00 1.448E-02
  2.057600E+00 1.278E-02
  2.134450E+00 1.128E-02
  2.213690E+00 9.949E-03
    3    2    0    6
     61     61
  1.407100E-01    0.0100
  1.055325E-01 2.398E+01
  1.221150E-01 1.726E+01
  1.406200E-01 1.260E+01
  1.481660E-01 1.121E+01
  1.560820E-01 9.976E+00
  1.643850E-01 8.874E+00
  1.730890E-01 7.893E+00
  1.822110E-01 7.019E+00
  1.917670E-01 6.241E+00
  2.017750E-01 5.548E+00
  2.122530E-01 4.931E+00
  2.232190E-01 4.382E+00
  2.346910E-01 3.894E+00
  2.466900E-01 3.459E+00
  2.592340E-01 3.073E+00
  2.723440E-01 2.729E+00
  2.860420E-01 2.423E+00
  3.003480E-01 2.151E+00
  3.152840E-01 1.910E+00
  3.308730E-01 1.695E+00
  3.471380E-01 1.504E+00
  3.641040E-01 1.334E+00
  3.817930E-01 1.184E+00
  4.002320E-01 1.050E+00
  4.194450E-01 9.310E-01
  4.394590E-01 8.255E-01
  4.603000E-01 7.319E-01
  4.819960E-01 6.487E-01
  5.045750E-01 5.750E-01
  5.280660E-01 5.095E-01
  5.524970E-01 4.514E-01
  5.778990E-01 3.999E-01
  6.043030E-01 3.542E-01
  6.317390E-01 3.137E-01
  6.602400E-01 2.778E-01
  6.898380E-01 2.460E-01
  7.205670E-01 2.177E-01
  7.524620E-01 1.927E-01
  7.855560E-01 1.706E-01
  8.198850E-01 1.509E-01
  8.554870E-01 1.336E-01
  8.923970E-01 1.181E-01
  9.306540E-01 1.045E-01
  9.702960E-01 9.243E-02
  1.011360E+00 8.174E-02
  1.053890E+00 7.228E-02
  1.097930E+00 6.390E-02
  1.143520E+00 5.649E-02
  1.190700E+00 4.993E-02
  1.239510E+00 4.413E-02
  1.289990E+00 3.900E-02
  1.342200E+00 3.446E-02
  1.396180E+00 3.044E-02
  1.451980E+00 2.689E-02
  1.509640E+00 2.375E-02
  1.569210E+00 2.098E-02
  1.630750E+00 1.853E-02
  1.694300E+00 1.636E-02
  1.759910E+00 1.444E-02
  1.827640E+00 1.275E-02
  1.897530E+00 1.125E-02
    3    2    0    7
     61     61
  1.111710E-01    0.0100
  8.337826E-02 2.934E+01
  9.257603E-02 2.241E+01
  1.110810E-01 1.501E+01
  1.170610E-01 1.337E+01
  1.233450E-01 1.190E+01
  1.299450E-01 1.060E+01
  1.368750E-01 9.433E+00
  1.441490E-01 8.395E+00
  1.517830E-01 7.471E+00
  1.597920E-01 6.647E+00
  1.681900E-01 5.913E+00
  1.769940E-01 5.259E+00
  1.862210E-01 4.677E+00
  1.958880E-01 4.159E+00
  2.060130E-01 3.697E+00
  2.166130E-01 3.286E+00
  2.277070E-01 2.921E+00
  2.393150E-01 2.595E+00
  2.514550E-01 2.306E+00
  2.641490E-01 2.048E+00
  2.774180E-01 1.819E+00
  2.912810E-01 1.615E+00
  3.057620E-01 1.434E+00
  3.208830E-01 1.273E+00
  3.366670E-01 1.130E+00
  3.531370E-01 1.003E+00
  3.703190E-01 8.897E-01
  3.882360E-01 7.893E-01
  4.069130E-01 7.001E-01
  4.263790E-01 6.209E-01
  4.466570E-01 5.506E-01
  4.677770E-01 4.882E-01
  4.897660E-01 4.327E-01
  5.126530E-01 3.836E-01
  5.364660E-01 3.399E-01
  5.612360E-01 3.012E-01
  5.869940E-01 2.668E-01
  6.137700E-01 2.364E-01
  6.415960E-01 2.093E-01
  6.705060E-01 1.854E-01
  7.005320E-01 1.641E-01
  7.317080E-01 1.453E-01
  7.640700E-01 1.286E-01
  7.976520E-01 1.138E-01
  8.324910E-01 1.007E-01
  8.686240E-01 8.914E-02
  9.060880E-01 7.886E-02
  9.449220E-01 6.976E-02
  9.851660E-01 6.170E-02
  1.026860E+00 5.457E-02
  1.070040E+00 4.825E-02
  1.114760E+00 4.266E-02
  1.161040E+00 3.771E-02
  1.208950E+00 3.333E-02
  1.258510E+00 2.946E-02
  1.309790E+00 2.603E-02
  1.362810E+00 2.300E-02
  1.417630E+00 2.032E-02
  1.474300E+00 1.795E-02
  1.532860E+00 1.586E-02
  1.593370E+00 1.400E-02
    3    2    0    8
     61     61
  9.004390E-02    0.0100
  6.753290E-02 3.455E+01
  7.144880E-02 2.899E+01
  8.995390E-02 1.753E+01
  9.479731E-02 1.562E+01
  9.989178E-02 1.392E+01
  1.052490E-01 1.240E+01
  1.108810E-01 1.104E+01
  1.168010E-01 9.835E+00
  1.230200E-01 8.758E+00
  1.295530E-01 7.797E+00
  1.364130E-01 6.941E+00
  1.436150E-01 6.178E+00
  1.511720E-01 5.498E+00
  1.591010E-01 4.892E+00
  1.674170E-01 4.352E+00
  1.761360E-01 3.871E+00
  1.852740E-01 3.443E+00
  1.948500E-01 3.061E+00
  2.048790E-01 2.722E+00
  2.153820E-01 2.420E+00
  2.263760E-01 2.150E+00
  2.378800E-01 1.911E+00
  2.499150E-01 1.698E+00
  2.625000E-01 1.508E+00
  2.756570E-01 1.340E+00
  2.894060E-01 1.190E+00
  3.037710E-01 1.057E+00
  3.187730E-01 9.380E-01
  3.344360E-01 8.326E-01
  3.507830E-01 7.389E-01
  3.678390E-01 6.557E-01
  3.856280E-01 5.818E-01
  4.041770E-01 5.161E-01
  4.235110E-01 4.578E-01
  4.436570E-01 4.059E-01
  4.646430E-01 3.599E-01
  4.864960E-01 3.191E-01
  5.092460E-01 2.829E-01
  5.329220E-01 2.507E-01
  5.575530E-01 2.221E-01
  5.831710E-01 1.968E-01
  6.098060E-01 1.744E-01
  6.374920E-01 1.544E-01
  6.662600E-01 1.368E-01
  6.961440E-01 1.211E-01
  7.271790E-01 1.072E-01
  7.593990E-01 9.493E-02
  7.928390E-01 8.403E-02
  8.275370E-01 7.436E-02
  8.635280E-01 6.580E-02
  9.008520E-01 5.822E-02
  9.395460E-01 5.150E-02
  9.796500E-01 4.556E-02
  1.021200E+00 4.029E-02
  1.064250E+00 3.563E-02
  1.108830E+00 3.150E-02
  1.154980E+00 2.785E-02
  1.202750E+00 2.462E-02
  1.252180E+00 2.176E-02
  1.303320E+00 1.923E-02
  1.356220E+00 1.699E-02
    1    1    1    1
     33     60
  2.220320E+00    0.0100
  2.145940E+00 1.606E+00
  2.164540E+00 1.563E+00
  2.183130E+00 1.522E+00
  2.201730E+00 1.482E+00
  2.220230E+00 1.443E+00
  2.305680E+00 1.279E+00
  2.394620E+00 1.133E+00
  2.487170E+00 1.003E+00
  2.583400E+00 8.880E-01
  2.683410E+00 7.859E-01
  2.787290E+00 6.952E-01
  2.895100E+00 6.148E-01
  3.006920E+00 5.435E-01
  3.122830E+00 4.803E-01
  3.242880E+00 4.242E-01
  3.367130E+00 3.746E-01
  3.495640E+00 3.306E-01
  3.628440E+00 2.917E-01
  3.765580E+00 2.573E-01
  3.907100E+00 2.269E-01
  4.053010E+00 1.999E-01
  4.203350E+00 1.761E-01
  4.358120E+00 1.551E-01
  4.517350E+00 1.366E-01
  4.681030E+00 1.202E-01
  4.849190E+00 1.057E-01
  5.021800E+00 9.299E-02
  5.198880E+00 8.175E-02
  5.380410E+00 7.185E-02
  5.566390E+00 6.313E-02
  5.756810E+00 5.546E-02
  5.951650E+00 4.870E-02
  6.150890E+00 4.275E-02
  6.362633E+00 3.819E-02
  6.580401E+00 3.357E-02
  6.804331E+00 2.952E-02
  7.034570E+00 2.595E-02
  7.271272E+00 2.281E-02
  7.514581E+00 2.006E-02
  7.764656E+00 1.763E-02
  8.021650E+00 1.550E-02
  8.285731E+00 1.362E-02
  8.557061E+00 1.197E-02
  8.835807E+00 1.052E-02
  9.122149E+00 9.246E-03
  9.416250E+00 8.125E-03
  9.718296E+00 7.140E-03
  1.002846E+01 6.274E-03
  1.034694E+01 5.513E-03
  1.067391E+01 4.844E-03
  1.100956E+01 4.256E-03
  1.135410E+01 3.739E-03
  1.170773E+01 3.285E-03
  1.207065E+01 2.886E-03
  1.244305E+01 2.535E-03
  1.282516E+01 2.227E-03
  1.321720E+01 1.956E-03
  1.361938E+01 1.718E-03
  1.403193E+01 1.509E-03
  1.445507E+01 1.326E-03
    1    1    1    2
     43     61
  9.915390E-01    0.0100
  9.171590E-01 3.523E+00
  9.357540E-01 3.354E+00
  9.543490E-01 3.195E+00
  9.729440E-01 3.046E+00
  9.914490E-01 2.907E+00
  1.040350E+00 2.578E+00
  1.091300E+00 2.286E+00
  1.144350E+00 2.026E+00
  1.199570E+00 1.796E+00
  1.257040E+00 1.592E+00
  1.316820E+00 1.410E+00
  1.378990E+00 1.250E+00
  1.443620E+00 1.107E+00
  1.510790E+00 9.803E-01
  1.580580E+00 8.681E-01
  1.653070E+00 7.687E-01
  1.728330E+00 6.805E-01
  1.806460E+00 6.024E-01
  1.887530E+00 5.331E-01
  1.971640E+00 4.718E-01
  2.058870E+00 4.175E-01
  2.149320E+00 3.693E-01
  2.243070E+00 3.267E-01
  2.340220E+00 2.889E-01
  2.440870E+00 2.555E-01
  2.545110E+00 2.259E-01
  2.653050E+00 1.998E-01
  2.764790E+00 1.766E-01
  2.880430E+00 1.561E-01
  3.000080E+00 1.380E-01
  3.123850E+00 1.219E-01
  3.251840E+00 1.077E-01
  3.384180E+00 9.517E-02
  3.520970E+00 8.408E-02
  3.662330E+00 7.426E-02
  3.808390E+00 6.559E-02
  3.959260E+00 5.792E-02
  4.115070E+00 5.115E-02
  4.275950E+00 4.516E-02
  4.442020E+00 3.987E-02
  4.591540E+00 3.575E-02
  4.606460E+00 3.535E-02
  4.921050E+00 2.824E-02
  5.112337E+00 2.511E-02
  5.309929E+00 2.212E-02
  5.514007E+00 1.949E-02
  5.724749E+00 1.717E-02
  5.942344E+00 1.512E-02
  6.166979E+00 1.332E-02
  6.398849E+00 1.173E-02
  6.638159E+00 1.033E-02
  6.885112E+00 9.095E-03
  7.139916E+00 8.008E-03
  7.402789E+00 7.051E-03
  7.673956E+00 6.209E-03
  7.953629E+00 5.466E-03
  8.242050E+00 4.812E-03
  8.539455E+00 4.236E-03
  8.846081E+00 3.729E-03
  9.162179E+00 3.283E-03
  9.487999E+00 2.889E-03
    1    1    1    3
     52     63
  5.590030E-01    0.0100
  4.846230E-01 6.194E+00
  5.032180E-01 5.691E+00
  5.218130E-01 5.244E+00
  5.404080E-01 4.843E+00
  5.589130E-01 4.485E+00
  5.882270E-01 3.987E+00
  6.189220E-01 3.544E+00
  6.510530E-01 3.150E+00
  6.846740E-01 2.799E+00
  7.198410E-01 2.487E+00
  7.566140E-01 2.209E+00
  7.950500E-01 1.962E+00
  8.352110E-01 1.742E+00
  8.771590E-01 1.546E+00
  9.209580E-01 1.373E+00
  9.666730E-01 1.218E+00
  1.014370E+00 1.081E+00
  1.064120E+00 9.591E-01
  1.116000E+00 8.508E-01
  1.170070E+00 7.546E-01
  1.226400E+00 6.691E-01
  1.285080E+00 5.932E-01
  1.346180E+00 5.259E-01
  1.409780E+00 4.661E-01
  1.475960E+00 4.131E-01
  1.544800E+00 3.660E-01
  1.616390E+00 3.243E-01
  1.690800E+00 2.872E-01
  1.768140E+00 2.544E-01
  1.848480E+00 2.253E-01
  1.931930E+00 1.994E-01
  2.018560E+00 1.766E-01
  2.108480E+00 1.563E-01
  2.201790E+00 1.383E-01
  2.298580E+00 1.224E-01
  2.398960E+00 1.083E-01
  2.503020E+00 9.579E-02
  2.610870E+00 8.472E-02
  2.722620E+00 7.493E-02
  2.838380E+00 6.626E-02
  2.958250E+00 5.858E-02
  3.082360E+00 5.179E-02
  3.210810E+00 4.578E-02
  3.343730E+00 4.046E-02
  3.481230E+00 3.575E-02
  3.623430E+00 3.159E-02
  3.770460E+00 2.791E-02
  3.922450E+00 2.466E-02
  4.079510E+00 2.178E-02
  4.159000E+00 2.048E-02
  4.173920E+00 2.030E-02
  4.488520E+00 1.601E-02
  4.670665E+00 1.434E-02
  4.859243E+00 1.265E-02
  5.054453E+00 1.115E-02
  5.256496E+00 9.836E-03
  5.465578E+00 8.673E-03
  5.681920E+00 7.646E-03
  5.905744E+00 6.741E-03
  6.137273E+00 5.943E-03
  6.376741E+00 5.239E-03
  6.624391E+00 4.618E-03
  6.880464E+00 4.070E-03
    1    1    1    4
     59     64
  3.582350E-01    0.0100
  2.838550E-01 1.033E+01
  3.024500E-01 9.002E+00
  3.210450E-01 7.904E+00
  3.396400E-01 6.987E+00
  3.581450E-01 6.216E+00
  3.771020E-01 5.537E+00
  3.970280E-01 4.931E+00
  4.179670E-01 4.391E+00
  4.399620E-01 3.909E+00
  4.630600E-01 3.479E+00
  4.873070E-01 3.097E+00
  5.127520E-01 2.755E+00
  5.394450E-01 2.451E+00
  5.674380E-01 2.181E+00
  5.967820E-01 1.939E+00
  6.275330E-01 1.724E+00
  6.597450E-01 1.533E+00
  6.934760E-01 1.363E+00
  7.287840E-01 1.211E+00
  7.657290E-01 1.076E+00
  8.043710E-01 9.558E-01
  8.447750E-01 8.489E-01
  8.870030E-01 7.539E-01
  9.311200E-01 6.693E-01
  9.771950E-01 5.942E-01
  1.025300E+00 5.273E-01
  1.075490E+00 4.679E-01
  1.127850E+00 4.151E-01
  1.182450E+00 3.682E-01
  1.239370E+00 3.266E-01
  1.298670E+00 2.896E-01
  1.360440E+00 2.567E-01
  1.424750E+00 2.276E-01
  1.491680E+00 2.017E-01
  1.561320E+00 1.787E-01
  1.633750E+00 1.583E-01
  1.709050E+00 1.402E-01
  1.787310E+00 1.242E-01
  1.868620E+00 1.099E-01
  1.953060E+00 9.734E-02
  2.040720E+00 8.616E-02
  2.131700E+00 7.625E-02
  2.226080E+00 6.747E-02
  2.323970E+00 5.969E-02
  2.425460E+00 5.280E-02
  2.530650E+00 4.670E-02
  2.639630E+00 4.130E-02
  2.752520E+00 3.651E-02
  2.869400E+00 3.228E-02
  2.990380E+00 2.853E-02
  3.115580E+00 2.521E-02
  3.245090E+00 2.228E-02
  3.379020E+00 1.968E-02
  3.517490E+00 1.739E-02
  3.660610E+00 1.536E-02
  3.808490E+00 1.356E-02
  3.958240E+00 1.200E-02
  3.973160E+00 1.181E-02
  4.132710E+00 1.042E-02
  4.304822E+00 9.497E-03
  4.483283E+00 8.381E-03
  4.668301E+00 7.396E-03
  4.860092E+00 6.526E-03
  5.058880E+00 5.759E-03
    1    1    1    5
     62     63
  2.489870E-01    0.0100
  1.867402E-01 1.517E+01
  1.932020E-01 1.400E+01
  2.117970E-01 1.149E+01
  2.303920E-01 9.583E+00
  2.488970E-01 8.102E+00
  2.623210E-01 7.220E+00
  2.764410E-01 6.433E+00
  2.912900E-01 5.731E+00
  3.069010E-01 5.105E+00
  3.233090E-01 4.547E+00
  3.405500E-01 4.049E+00
  3.586620E-01 3.605E+00
  3.776820E-01 3.209E+00
  3.976520E-01 2.857E+00
  4.186130E-01 2.543E+00
  4.406070E-01 2.263E+00
  4.636780E-01 2.013E+00
  4.878730E-01 1.791E+00
  5.132390E-01 1.593E+00
  5.398240E-01 1.417E+00
  5.676780E-01 1.260E+00
  5.968540E-01 1.120E+00
  6.274050E-01 9.959E-01
  6.593860E-01 8.852E-01
  6.928540E-01 7.867E-01
  7.278670E-01 6.990E-01
  7.644850E-01 6.211E-01
  8.027700E-01 5.517E-01
  8.427860E-01 4.900E-01
  8.845980E-01 4.351E-01
  9.282730E-01 3.864E-01
  9.738810E-01 3.430E-01
  1.021490E+00 3.045E-01
  1.071180E+00 2.702E-01
  1.123020E+00 2.398E-01
  1.177090E+00 2.128E-01
  1.233460E+00 1.888E-01
  1.292220E+00 1.674E-01
  1.353450E+00 1.485E-01
  1.417240E+00 1.317E-01
  1.483660E+00 1.167E-01
  1.552830E+00 1.035E-01
  1.624810E+00 9.173E-02
  1.699710E+00 8.129E-02
  1.777620E+00 7.204E-02
  1.858640E+00 6.382E-02
  1.942880E+00 5.654E-02
  2.030420E+00 5.008E-02
  2.121390E+00 4.435E-02
  2.215880E+00 3.928E-02
  2.314010E+00 3.477E-02
  2.415880E+00 3.079E-02
  2.521620E+00 2.725E-02
  2.631340E+00 2.412E-02
  2.745160E+00 2.134E-02
  2.750990E+00 2.121E-02
  2.801330E+00 2.005E-02
  2.991980E+00 1.644E-02
  3.176920E+00 1.368E-02
  3.356380E+00 1.153E-02
  3.530560E+00 9.832E-03
  3.699670E+00 8.480E-03
  3.859084E+00 7.902E-03
    1    1    1    6
     62     63
  1.830380E-01    0.0100
  1.372785E-01 1.908E+01
  1.458480E-01 1.652E+01
  1.644430E-01 1.277E+01
  1.829480E-01 1.014E+01
  1.928130E-01 9.041E+00
  2.032000E-01 8.060E+00
  2.141350E-01 7.185E+00
  2.256440E-01 6.404E+00
  2.377560E-01 5.708E+00
  2.504980E-01 5.086E+00
  2.639010E-01 4.532E+00
  2.779950E-01 4.038E+00
  2.928140E-01 3.597E+00
  3.083900E-01 3.204E+00
  3.247570E-01 2.853E+00
  3.419530E-01 2.541E+00
  3.600130E-01 2.262E+00
  3.789770E-01 2.014E+00
  3.988850E-01 1.792E+00
  4.197770E-01 1.595E+00
  4.416980E-01 1.420E+00
  4.646900E-01 1.263E+00
  4.887990E-01 1.124E+00
  5.140740E-01 9.995E-01
  5.405620E-01 8.889E-01
  5.683140E-01 7.905E-01
  5.973820E-01 7.028E-01
  6.278200E-01 6.248E-01
  6.596820E-01 5.554E-01
  6.930260E-01 4.936E-01
  7.279100E-01 4.386E-01
  7.643950E-01 3.897E-01
  8.025440E-01 3.462E-01
  8.424190E-01 3.075E-01
  8.840870E-01 2.731E-01
  9.276160E-01 2.425E-01
  9.730760E-01 2.153E-01
  1.020540E+00 1.911E-01
  1.070070E+00 1.696E-01
  1.121760E+00 1.505E-01
  1.175680E+00 1.336E-01
  1.231910E+00 1.185E-01
  1.290520E+00 1.051E-01
  1.351610E+00 9.325E-02
  1.415260E+00 8.270E-02
  1.481570E+00 7.333E-02
  1.550610E+00 6.501E-02
  1.622480E+00 5.763E-02
  1.697280E+00 5.108E-02
  1.775100E+00 4.527E-02
  1.856050E+00 4.011E-02
  1.940230E+00 3.554E-02
  2.027730E+00 3.148E-02
  2.118680E+00 2.789E-02
  2.213170E+00 2.470E-02
  2.311330E+00 2.187E-02
  2.413250E+00 1.936E-02
  2.519080E+00 1.714E-02
  2.628910E+00 1.517E-02
  2.685040E+00 1.428E-02
  2.735380E+00 1.348E-02
  2.926040E+00 1.102E-02
  3.057662E+00 1.012E-02
    1    1    1    7
     62     62
  1.402000E-01    0.0100
  1.051500E-01 2.306E+01
  1.216050E-01 1.675E+01
  1.401100E-01 1.234E+01
  1.476360E-01 1.101E+01
  1.555650E-01 9.816E+00
  1.639180E-01 8.754E+00
  1.727160E-01 7.806E+00
  1.819820E-01 6.960E+00
  1.917380E-01 6.205E+00
  2.020090E-01 5.532E+00
  2.128190E-01 4.931E+00
  2.241960E-01 4.395E+00
  2.361650E-01 3.917E+00
  2.487560E-01 3.490E+00
  2.619970E-01 3.109E+00
  2.759200E-01 2.770E+00
  2.905560E-01 2.468E+00
  3.059380E-01 2.198E+00
  3.221010E-01 1.957E+00
  3.390790E-01 1.743E+00
  3.569100E-01 1.552E+00
  3.756320E-01 1.381E+00
  3.952850E-01 1.230E+00
  4.159080E-01 1.094E+00
  4.375460E-01 9.738E-01
  4.602410E-01 8.664E-01
  4.840390E-01 7.708E-01
  5.089870E-01 6.857E-01
  5.351330E-01 6.098E-01
  5.625270E-01 5.423E-01
  5.912210E-01 4.822E-01
  6.212690E-01 4.287E-01
  6.527240E-01 3.811E-01
  6.856450E-01 3.387E-01
  7.200890E-01 3.010E-01
  7.561170E-01 2.674E-01
  7.937910E-01 2.376E-01
  8.331740E-01 2.110E-01
  8.743330E-01 1.874E-01
  9.173350E-01 1.665E-01
  9.622500E-01 1.478E-01
  1.009150E+00 1.312E-01
  1.058110E+00 1.165E-01
  1.109200E+00 1.034E-01
  1.162510E+00 9.174E-02
  1.218100E+00 8.140E-02
  1.276080E+00 7.222E-02
  1.336510E+00 6.406E-02
  1.399480E+00 5.682E-02
  1.465090E+00 5.039E-02
  1.533420E+00 4.468E-02
  1.604580E+00 3.961E-02
  1.678640E+00 3.511E-02
  1.755720E+00 3.112E-02
  1.835920E+00 2.758E-02
  1.919330E+00 2.444E-02
  2.006060E+00 2.165E-02
  2.096220E+00 1.918E-02
  2.189920E+00 1.699E-02
  2.287280E+00 1.505E-02
  2.388410E+00 1.332E-02
  2.493430E+00 1.180E-02
    1    1    1    8
     62     62
  1.108130E-01    0.0100
  8.310974E-02 2.837E+01
  9.221828E-02 2.178E+01
  1.107230E-01 1.469E+01
  1.166390E-01 1.311E+01
  1.228750E-01 1.169E+01
  1.294470E-01 1.043E+01
  1.363720E-01 9.303E+00
  1.436690E-01 8.297E+00
  1.513570E-01 7.400E+00
  1.594540E-01 6.599E+00
  1.679820E-01 5.884E+00
  1.769630E-01 5.246E+00
  1.864180E-01 4.677E+00
  1.963710E-01 4.170E+00
  2.068470E-01 3.717E+00
  2.178700E-01 3.312E+00
  2.294680E-01 2.952E+00
  2.416670E-01 2.630E+00
  2.544970E-01 2.344E+00
  2.679870E-01 2.088E+00
  2.821680E-01 1.860E+00
  2.970720E-01 1.657E+00
  3.127320E-01 1.475E+00
  3.291840E-01 1.314E+00
  3.464630E-01 1.170E+00
  3.646050E-01 1.041E+00
  3.836510E-01 9.270E-01
  4.036390E-01 8.251E-01
  4.246120E-01 7.343E-01
  4.466120E-01 6.534E-01
  4.696830E-01 5.813E-01
  4.938720E-01 5.171E-01
  5.192250E-01 4.599E-01
  5.457920E-01 4.091E-01
  5.736230E-01 3.637E-01
  6.027720E-01 3.234E-01
  6.332910E-01 2.875E-01
  6.652360E-01 2.556E-01
  6.986650E-01 2.271E-01
  7.336380E-01 2.018E-01
  7.702150E-01 1.793E-01
  8.084600E-01 1.593E-01
  8.484360E-01 1.415E-01
  8.902120E-01 1.257E-01
  9.338550E-01 1.116E-01
  9.794370E-01 9.909E-02
  1.027030E+00 8.797E-02
  1.076710E+00 7.809E-02
  1.128550E+00 6.931E-02
  1.182640E+00 6.150E-02
  1.239050E+00 5.457E-02
  1.297860E+00 4.842E-02
  1.359170E+00 4.295E-02
  1.423060E+00 3.809E-02
  1.489620E+00 3.378E-02
  1.558950E+00 2.995E-02
  1.631130E+00 2.656E-02
  1.706280E+00 2.354E-02
  1.784480E+00 2.087E-02
  1.865840E+00 1.849E-02
  1.950460E+00 1.639E-02
  2.038460E+00 1.452E-02
    1    1    1    9
     63     63
  8.978307E-02    0.0100
  6.733727E-02 3.360E+01
  7.118809E-02 2.828E+01
  8.969313E-02 1.718E+01
  9.446049E-02 1.533E+01
  9.948647E-02 1.368E+01
  1.047850E-01 1.220E+01
  1.103700E-01 1.089E+01
  1.162560E-01 9.712E+00
  1.224590E-01 8.664E+00
  1.289960E-01 7.728E+00
  1.358840E-01 6.893E+00
  1.431400E-01 6.147E+00
  1.507830E-01 5.482E+00
  1.588330E-01 4.888E+00
  1.673090E-01 4.359E+00
  1.762350E-01 3.886E+00
  1.856310E-01 3.464E+00
  1.955200E-01 3.088E+00
  2.059270E-01 2.753E+00
  2.168780E-01 2.453E+00
  2.283970E-01 2.186E+00
  2.405130E-01 1.948E+00
  2.532530E-01 1.735E+00
  2.666480E-01 1.546E+00
  2.807270E-01 1.377E+00
  2.955230E-01 1.227E+00
  3.110690E-01 1.092E+00
  3.273990E-01 9.727E-01
  3.445490E-01 8.661E-01
  3.625550E-01 7.710E-01
  3.814560E-01 6.863E-01
  4.012920E-01 6.108E-01
  4.221040E-01 5.436E-01
  4.439340E-01 4.837E-01
  4.668260E-01 4.303E-01
  4.908270E-01 3.828E-01
  5.159830E-01 3.405E-01
  5.423430E-01 3.028E-01
  5.699570E-01 2.693E-01
  5.988780E-01 2.394E-01
  6.291590E-01 2.129E-01
  6.608570E-01 1.892E-01
  6.940270E-01 1.682E-01
  7.287300E-01 1.494E-01
  7.650260E-01 1.328E-01
  8.029780E-01 1.180E-01
  8.426510E-01 1.048E-01
  8.841120E-01 9.307E-02
  9.274290E-01 8.265E-02
  9.726730E-01 7.339E-02
  1.019920E+00 6.515E-02
  1.069240E+00 5.784E-02
  1.120710E+00 5.134E-02
  1.174410E+00 4.556E-02
  1.230430E+00 4.043E-02
  1.288840E+00 3.587E-02
  1.349730E+00 3.182E-02
  1.413200E+00 2.822E-02
  1.479320E+00 2.503E-02
  1.548200E+00 2.220E-02
  1.619930E+00 1.968E-02
  1.694620E+00 1.745E-02
  1.772340E+00 1.547E-02
    3    1    1    1
     29     61
  2.349350E+00    0.0100
  2.274970E+00 1.843E+00
  2.293560E+00 1.801E+00
  2.312160E+00 1.759E+00
  2.330750E+00 1.719E+00
  2.349260E+00 1.680E+00
  2.449460E+00 1.488E+00
  2.553510E+00 1.318E+00
  2.661530E+00 1.167E+00
  2.773670E+00 1.034E+00
  2.890080E+00 9.153E-01
  3.010910E+00 8.105E-01
  3.136310E+00 7.177E-01
  3.266460E+00 6.355E-01
  3.401520E+00 5.627E-01
  3.541660E+00 4.982E-01
  3.687060E+00 4.411E-01
  3.837920E+00 3.905E-01
  3.994420E+00 3.458E-01
  4.156770E+00 3.061E-01
  4.325180E+00 2.710E-01
  4.499850E+00 2.399E-01
  4.681010E+00 2.123E-01
  4.868890E+00 1.880E-01
  5.063730E+00 1.664E-01
  5.265770E+00 1.473E-01
  5.475270E+00 1.304E-01
  5.692490E+00 1.154E-01
  5.917710E+00 1.021E-01
  6.151200E+00 9.038E-02
  6.397882E+00 7.973E-02
  6.653658E+00 7.037E-02
  6.918841E+00 6.211E-02
  7.193742E+00 5.481E-02
  7.478696E+00 4.837E-02
  7.774040E+00 4.269E-02
  8.080123E+00 3.767E-02
  8.397305E+00 3.324E-02
  8.725956E+00 2.933E-02
  9.066465E+00 2.588E-02
  9.419221E+00 2.283E-02
  9.784628E+00 2.015E-02
  1.016310E+01 1.777E-02
  1.055509E+01 1.568E-02
  1.096101E+01 1.383E-02
  1.138136E+01 1.220E-02
  1.181658E+01 1.076E-02
  1.226717E+01 9.495E-03
  1.273362E+01 8.375E-03
  1.321646E+01 7.387E-03
  1.371622E+01 6.515E-03
  1.423344E+01 5.746E-03
  1.476870E+01 5.068E-03
  1.532256E+01 4.469E-03
  1.589564E+01 3.941E-03
  1.648854E+01 3.475E-03
  1.710191E+01 3.065E-03
  1.773639E+01 2.702E-03
  1.839268E+01 2.383E-03
  1.907146E+01 2.101E-03
  1.977342E+01 1.852E-03
  2.049931E+01 1.633E-03
    3    1    1    2
     39     62
  1.029040E+00    0.0100
  9.546590E-01 3.635E+00
  9.732540E-01 3.479E+00
  9.918490E-01 3.331E+00
  1.010440E+00 3.192E+00
  1.028950E+00 3.061E+00
  1.082910E+00 2.717E+00
  1.139230E+00 2.412E+00
  1.197980E+00 2.140E+00
  1.259250E+00 1.899E+00
  1.323140E+00 1.685E+00
  1.389750E+00 1.495E+00
  1.459160E+00 1.326E+00
  1.531500E+00 1.176E+00
  1.606850E+00 1.043E+00
  1.685340E+00 9.253E-01
  1.767070E+00 8.205E-01
  1.852150E+00 7.275E-01
  1.940710E+00 6.449E-01
  2.032880E+00 5.717E-01
  2.128770E+00 5.068E-01
  2.228520E+00 4.491E-01
  2.332260E+00 3.980E-01
  2.440140E+00 3.527E-01
  2.552290E+00 3.125E-01
  2.668870E+00 2.769E-01
  2.790030E+00 2.453E-01
  2.915920E+00 2.173E-01
  3.046710E+00 1.925E-01
  3.182560E+00 1.705E-01
  3.323660E+00 1.510E-01
  3.470160E+00 1.337E-01
  3.622270E+00 1.184E-01
  3.780160E+00 1.048E-01
  3.944030E+00 9.281E-02
  4.114080E+00 8.216E-02
  4.290510E+00 7.273E-02
  4.473550E+00 6.438E-02
  4.663400E+00 5.698E-02
  4.860290E+00 5.043E-02
  5.068610E+00 4.448E-02
  5.284689E+00 3.926E-02
  5.508777E+00 3.464E-02
  5.741134E+00 3.057E-02
  5.982025E+00 2.697E-02
  6.231727E+00 2.380E-02
  6.490522E+00 2.100E-02
  6.758698E+00 1.853E-02
  7.036559E+00 1.634E-02
  7.324410E+00 1.442E-02
  7.622562E+00 1.272E-02
  7.931344E+00 1.122E-02
  8.251085E+00 9.891E-03
  8.582136E+00 8.723E-03
  8.924844E+00 7.693E-03
  9.279564E+00 6.784E-03
  9.646680E+00 5.982E-03
  1.002657E+01 5.274E-03
  1.041962E+01 4.650E-03
  1.082624E+01 4.100E-03
  1.124685E+01 3.614E-03
  1.168185E+01 3.186E-03
  1.213170E+01 2.808E-03
    3    1    1    3
     48     63
  5.746550E-01    0.0100
  5.002750E-01 6.079E+00
  5.188700E-01 5.627E+00
  5.374650E-01 5.221E+00
  5.560600E-01 4.855E+00
  5.745650E-01 4.526E+00
  6.064790E-01 4.026E+00
  6.399350E-01 3.581E+00
  6.749990E-01 3.185E+00
  7.117350E-01 2.832E+00
  7.502110E-01 2.518E+00
  7.904990E-01 2.239E+00
  8.326700E-01 1.990E+00
  8.768000E-01 1.769E+00
  9.229670E-01 1.572E+00
  9.712490E-01 1.396E+00
  1.021730E+00 1.241E+00
  1.074500E+00 1.102E+00
  1.129640E+00 9.787E-01
  1.187240E+00 8.691E-01
  1.247400E+00 7.717E-01
  1.310220E+00 6.852E-01
  1.375790E+00 6.082E-01
  1.444220E+00 5.399E-01
  1.515610E+00 4.791E-01
  1.590080E+00 4.252E-01
  1.667740E+00 3.773E-01
  1.748700E+00 3.347E-01
  1.833090E+00 2.969E-01
  1.921030E+00 2.634E-01
  2.012640E+00 2.336E-01
  2.108060E+00 2.071E-01
  2.207420E+00 1.837E-01
  2.310860E+00 1.628E-01
  2.418540E+00 1.444E-01
  2.530590E+00 1.280E-01
  2.647160E+00 1.134E-01
  2.768420E+00 1.005E-01
  2.894520E+00 8.907E-02
  3.025640E+00 7.892E-02
  3.161930E+00 6.992E-02
  3.303590E+00 6.194E-02
  3.450780E+00 5.487E-02
  3.603690E+00 4.860E-02
  3.762520E+00 4.304E-02
  3.927470E+00 3.811E-02
  4.098720E+00 3.375E-02
  4.276500E+00 2.988E-02
  4.461020E+00 2.645E-02
  4.657508E+00 2.345E-02
  4.861650E+00 2.071E-02
  5.073709E+00 1.829E-02
  5.293956E+00 1.615E-02
  5.522675E+00 1.426E-02
  5.760153E+00 1.259E-02
  6.006692E+00 1.112E-02
  6.262595E+00 9.817E-03
  6.528179E+00 8.667E-03
  6.803774E+00 7.651E-03
  7.089719E+00 6.754E-03
  7.386356E+00 5.962E-03
  7.694041E+00 5.262E-03
  8.013144E+00 4.644E-03
  8.344049E+00 4.099E-03
    3    1    1    4
     56     64
  3.662030E-01    0.0100
  2.918230E-01 9.806E+00
  3.104180E-01 8.635E+00
  3.290130E-01 7.654E+00
  3.476080E-01 6.825E+00
  3.661130E-01 6.122E+00
  3.864880E-01 5.456E+00
  4.079290E-01 4.862E+00
  4.304880E-01 4.332E+00
  4.542140E-01 3.860E+00
  4.791600E-01 3.438E+00
  5.053810E-01 3.062E+00
  5.329340E-01 2.726E+00
  5.618760E-01 2.427E+00
  5.922690E-01 2.161E+00
  6.241750E-01 1.923E+00
  6.576590E-01 1.711E+00
  6.927860E-01 1.523E+00
  7.296270E-01 1.355E+00
  7.682510E-01 1.205E+00
  8.087330E-01 1.072E+00
  8.511480E-01 9.529E-01
  8.955730E-01 8.472E-01
  9.420890E-01 7.531E-01
  9.907790E-01 6.693E-01
  1.041730E+00 5.948E-01
  1.095020E+00 5.285E-01
  1.150750E+00 4.695E-01
  1.209010E+00 4.170E-01
  1.269900E+00 3.703E-01
  1.333500E+00 3.289E-01
  1.399930E+00 2.920E-01
  1.469290E+00 2.592E-01
  1.541670E+00 2.300E-01
  1.617210E+00 2.041E-01
  1.695990E+00 1.811E-01
  1.778140E+00 1.607E-01
  1.863780E+00 1.425E-01
  1.953020E+00 1.264E-01
  2.046000E+00 1.121E-01
  2.142830E+00 9.940E-02
  2.243660E+00 8.812E-02
  2.348600E+00 7.811E-02
  2.457810E+00 6.922E-02
  2.571420E+00 6.134E-02
  2.689560E+00 5.435E-02
  2.812400E+00 4.815E-02
  2.940080E+00 4.265E-02
  3.072750E+00 3.778E-02
  3.210580E+00 3.345E-02
  3.353710E+00 2.962E-02
  3.502330E+00 2.622E-02
  3.656590E+00 2.321E-02
  3.816670E+00 2.055E-02
  3.966200E+00 1.840E-02
  3.981120E+00 1.816E-02
  4.295710E+00 1.466E-02
  4.487535E+00 1.316E-02
  4.687059E+00 1.163E-02
  4.894564E+00 1.028E-02
  5.110333E+00 9.080E-03
  5.334662E+00 8.023E-03
  5.567863E+00 7.088E-03
  5.810249E+00 6.262E-03
  6.062148E+00 5.532E-03
    3    1    1    5
     63     65
  2.535810E-01    0.0100
  1.901857E-01 1.432E+01
  1.977960E-01 1.312E+01
  2.163910E-01 1.091E+01
  2.349860E-01 9.199E+00
  2.534910E-01 7.856E+00
  2.675690E-01 7.008E+00
  2.824080E-01 6.250E+00
  2.980460E-01 5.574E+00
  3.145210E-01 4.970E+00
  3.318740E-01 4.431E+00
  3.501470E-01 3.950E+00
  3.693850E-01 3.521E+00
  3.896320E-01 3.138E+00
  4.109360E-01 2.796E+00
  4.333460E-01 2.491E+00
  4.569120E-01 2.219E+00
  4.816880E-01 1.977E+00
  5.077270E-01 1.761E+00
  5.350870E-01 1.568E+00
  5.638250E-01 1.396E+00
  5.940020E-01 1.242E+00
  6.256810E-01 1.106E+00
  6.589260E-01 9.842E-01
  6.938050E-01 8.757E-01
  7.303850E-01 7.791E-01
  7.687380E-01 6.930E-01
  8.089380E-01 6.163E-01
  8.510600E-01 5.481E-01
  8.951820E-01 4.873E-01
  9.413850E-01 4.332E-01
  9.897510E-01 3.850E-01
  1.040370E+00 3.422E-01
  1.093320E+00 3.041E-01
  1.148700E+00 2.701E-01
  1.206600E+00 2.400E-01
  1.267110E+00 2.131E-01
  1.330340E+00 1.893E-01
  1.396380E+00 1.680E-01
  1.465350E+00 1.492E-01
  1.537340E+00 1.324E-01
  1.612460E+00 1.175E-01
  1.690830E+00 1.043E-01
  1.772570E+00 9.252E-02
  1.857780E+00 8.207E-02
  1.946600E+00 7.280E-02
  2.039150E+00 6.456E-02
  2.135550E+00 5.724E-02
  2.235940E+00 5.075E-02
  2.340450E+00 4.499E-02
  2.449210E+00 3.988E-02
  2.562370E+00 3.534E-02
  2.680070E+00 3.131E-02
  2.802460E+00 2.774E-02
  2.929700E+00 2.458E-02
  3.061920E+00 2.177E-02
  3.199300E+00 1.928E-02
  3.341990E+00 1.707E-02
  3.490170E+00 1.511E-02
  3.643990E+00 1.338E-02
  3.803630E+00 1.184E-02
  3.853580E+00 1.141E-02
  3.868500E+00 1.123E-02
  4.183090E+00 9.032E-03
  4.372417E+00 8.197E-03
  4.569560E+00 7.248E-03
    3    1    1    6
     63     63
  1.859240E-01    0.0100
  1.394430E-01 1.787E+01
  1.487340E-01 1.544E+01
  1.673290E-01 1.210E+01
  1.858340E-01 9.729E+00
  1.961010E-01 8.682E+00
  2.069320E-01 7.748E+00
  2.183550E-01 6.913E+00
  2.304010E-01 6.167E+00
  2.431000E-01 5.502E+00
  2.564870E-01 4.907E+00
  2.705950E-01 4.377E+00
  2.854610E-01 3.903E+00
  3.011200E-01 3.480E+00
  3.176120E-01 3.103E+00
  3.349780E-01 2.766E+00
  3.532580E-01 2.465E+00
  3.724970E-01 2.197E+00
  3.927410E-01 1.958E+00
  4.140340E-01 1.745E+00
  4.364280E-01 1.554E+00
  4.599720E-01 1.385E+00
  4.847180E-01 1.233E+00
  5.107210E-01 1.098E+00
  5.380370E-01 9.778E-01
  5.667250E-01 8.705E-01
  5.968450E-01 7.749E-01
  6.284590E-01 6.896E-01
  6.616320E-01 6.137E-01
  6.964310E-01 5.461E-01
  7.329240E-01 4.858E-01
  7.711830E-01 4.321E-01
  8.112810E-01 3.843E-01
  8.532940E-01 3.418E-01
  8.973010E-01 3.039E-01
  9.433820E-01 2.701E-01
  9.916200E-01 2.401E-01
  1.042100E+00 2.134E-01
  1.094920E+00 1.896E-01
  1.150150E+00 1.685E-01
  1.207900E+00 1.497E-01
  1.268270E+00 1.329E-01
  1.331340E+00 1.180E-01
  1.397230E+00 1.048E-01
  1.466040E+00 9.306E-02
  1.537880E+00 8.261E-02
  1.612850E+00 7.332E-02
  1.691070E+00 6.507E-02
  1.772660E+00 5.773E-02
  1.857740E+00 5.122E-02
  1.946430E+00 4.543E-02
  2.038850E+00 4.030E-02
  2.135140E+00 3.574E-02
  2.235430E+00 3.169E-02
  2.339860E+00 2.809E-02
  2.448560E+00 2.490E-02
  2.561680E+00 2.207E-02
  2.679360E+00 1.956E-02
  2.801760E+00 1.733E-02
  2.929020E+00 1.535E-02
  3.061320E+00 1.360E-02
  3.198800E+00 1.205E-02
  3.341630E+00 1.067E-02
  3.489980E+00 9.447E-03
    3    1    1    7
     63     63
  1.421310E-01    0.0100
  1.065982E-01 2.146E+01
  1.235350E-01 1.571E+01
  1.420410E-01 1.174E+01
  1.498340E-01 1.048E+01
  1.580580E-01 9.354E+00
  1.667350E-01 8.349E+00
  1.758910E-01 7.451E+00
  1.855490E-01 6.649E+00
  1.957360E-01 5.933E+00
  2.064780E-01 5.294E+00
  2.178050E-01 4.723E+00
  2.297460E-01 4.213E+00
  2.423320E-01 3.758E+00
  2.555950E-01 3.351E+00
  2.695690E-01 2.989E+00
  2.842900E-01 2.665E+00
  2.997940E-01 2.376E+00
  3.161180E-01 2.118E+00
  3.333040E-01 1.888E+00
  3.513910E-01 1.683E+00
  3.704240E-01 1.500E+00
  3.904470E-01 1.336E+00
  4.115050E-01 1.191E+00
  4.336480E-01 1.061E+00
  4.569250E-01 9.449E-01
  4.813890E-01 8.415E-01
  5.070920E-01 7.494E-01
  5.340900E-01 6.672E-01
  5.624420E-01 5.940E-01
  5.922070E-01 5.288E-01
  6.234470E-01 4.706E-01
  6.562260E-01 4.188E-01
  6.906110E-01 3.726E-01
  7.266690E-01 3.315E-01
  7.644720E-01 2.949E-01
  8.040920E-01 2.623E-01
  8.456060E-01 2.332E-01
  8.890910E-01 2.074E-01
  9.346280E-01 1.844E-01
  9.822990E-01 1.639E-01
  1.032190E+00 1.457E-01
  1.084390E+00 1.294E-01
  1.138990E+00 1.150E-01
  1.196080E+00 1.022E-01
  1.255760E+00 9.076E-02
  1.318130E+00 8.061E-02
  1.383290E+00 7.158E-02
  1.451350E+00 6.355E-02
  1.522410E+00 5.642E-02
  1.596580E+00 5.008E-02
  1.673990E+00 4.445E-02
  1.754740E+00 3.944E-02
  1.838960E+00 3.500E-02
  1.926770E+00 3.105E-02
  2.018290E+00 2.754E-02
  2.113670E+00 2.443E-02
  2.213030E+00 2.166E-02
  2.316510E+00 1.921E-02
  2.424250E+00 1.703E-02
  2.536390E+00 1.509E-02
  2.653090E+00 1.338E-02
  2.774500E+00 1.185E-02
  2.900760E+00 1.050E-02
    3    1    1    8
     63     63
  1.121670E-01    0.0100
  8.412522E-02 2.627E+01
  9.357220E-02 2.026E+01
  1.120770E-01 1.388E+01
  1.181820E-01 1.239E+01
  1.246250E-01 1.106E+01
  1.314260E-01 9.876E+00
  1.386030E-01 8.815E+00
  1.461770E-01 7.868E+00
  1.541680E-01 7.023E+00
  1.625980E-01 6.268E+00
  1.714900E-01 5.593E+00
  1.808690E-01 4.991E+00
  1.907600E-01 4.453E+00
  2.011890E-01 3.973E+00
  2.121840E-01 3.544E+00
  2.237730E-01 3.162E+00
  2.359860E-01 2.820E+00
  2.488560E-01 2.515E+00
  2.624130E-01 2.243E+00
  2.766940E-01 2.000E+00
  2.917330E-01 1.783E+00
  3.075670E-01 1.589E+00
  3.242350E-01 1.417E+00
  3.417770E-01 1.263E+00
  3.602340E-01 1.125E+00
  3.796510E-01 1.003E+00
  4.000720E-01 8.935E-01
  4.215440E-01 7.959E-01
  4.441170E-01 7.090E-01
  4.678390E-01 6.315E-01
  4.927650E-01 5.623E-01
  5.189480E-01 5.007E-01
  5.464440E-01 4.458E-01
  5.753120E-01 3.968E-01
  6.056140E-01 3.532E-01
  6.374100E-01 3.143E-01
  6.707660E-01 2.797E-01
  7.057500E-01 2.489E-01
  7.424310E-01 2.214E-01
  7.808790E-01 1.969E-01
  8.211710E-01 1.751E-01
  8.633810E-01 1.557E-01
  9.075900E-01 1.385E-01
  9.538780E-01 1.231E-01
  1.002330E+00 1.094E-01
  1.053030E+00 9.724E-02
  1.106080E+00 8.641E-02
  1.161550E+00 7.677E-02
  1.219560E+00 6.820E-02
  1.280190E+00 6.058E-02
  1.343550E+00 5.380E-02
  1.409730E+00 4.778E-02
  1.478860E+00 4.242E-02
  1.551040E+00 3.766E-02
  1.626370E+00 3.343E-02
  1.704990E+00 2.967E-02
  1.787000E+00 2.633E-02
  1.872530E+00 2.336E-02
  1.961700E+00 2.072E-02
  2.054660E+00 1.838E-02
  2.151530E+00 1.630E-02
  2.252440E+00 1.446E-02
  2.357530E+00 1.282E-02
    3    1    1    9
     63     63
  9.076917E-02    0.0100
  6.807685E-02 3.104E+01
  7.217419E-02 2.610E+01
  9.067923E-02 1.616E+01
  9.557837E-02 1.443E+01
  1.007500E-01 1.288E+01
  1.062090E-01 1.150E+01
  1.119700E-01 1.027E+01
  1.180510E-01 9.166E+00
  1.244690E-01 8.182E+00
  1.312400E-01 7.304E+00
  1.383860E-01 6.519E+00
  1.459240E-01 5.818E+00
  1.538760E-01 5.193E+00
  1.622640E-01 4.634E+00
  1.711110E-01 4.135E+00
  1.804400E-01 3.689E+00
  1.902760E-01 3.292E+00
  2.006460E-01 2.937E+00
  2.115760E-01 2.619E+00
  2.230960E-01 2.336E+00
  2.352340E-01 2.084E+00
  2.480230E-01 1.858E+00
  2.614940E-01 1.657E+00
  2.756810E-01 1.478E+00
  2.906190E-01 1.317E+00
  3.063460E-01 1.174E+00
  3.228980E-01 1.047E+00
  3.403170E-01 9.329E-01
  3.586440E-01 8.313E-01
  3.779200E-01 7.407E-01
  3.981920E-01 6.600E-01
  4.195060E-01 5.879E-01
  4.419110E-01 5.237E-01
  4.654550E-01 4.664E-01
  4.901920E-01 4.153E-01
  5.161750E-01 3.698E-01
  5.434600E-01 3.293E-01
  5.721060E-01 2.931E-01
  6.021730E-01 2.609E-01
  6.337230E-01 2.322E-01
  6.668200E-01 2.066E-01
  7.015310E-01 1.838E-01
  7.379260E-01 1.635E-01
  7.760760E-01 1.454E-01
  8.160540E-01 1.294E-01
  8.579380E-01 1.150E-01
  9.018050E-01 1.023E-01
  9.477380E-01 9.093E-02
  9.958200E-01 8.082E-02
  1.046140E+00 7.183E-02
  1.098780E+00 6.384E-02
  1.153840E+00 5.672E-02
  1.211420E+00 5.039E-02
  1.271600E+00 4.476E-02
  1.334500E+00 3.976E-02
  1.400220E+00 3.531E-02
  1.468850E+00 3.135E-02
  1.540520E+00 2.783E-02
  1.615340E+00 2.471E-02
  1.693420E+00 2.193E-02
  1.774890E+00 1.946E-02
  1.859860E+00 1.727E-02
  1.948470E+00 1.532E-02
    0    0    0    0
