    5    3    P
    2    0    0    1
     18     87
  2.784820E+00    0.0050
  2.694910E+00 1.060E+00
  2.712820E+00 1.050E+00
  2.730820E+00 1.040E+00
  2.748820E+00 1.030E+00
  2.766820E+00 1.020E+00
  2.784820E+00 1.010E+00
  2.947260E+00 9.270E-01
  3.114000E+00 8.510E-01
  3.285340E+00 7.820E-01
  3.461580E+00 7.190E-01
  3.642990E+00 6.610E-01
  3.829820E+00 6.080E-01
  4.022350E+00 5.590E-01
  4.220820E+00 5.140E-01
  4.425500E+00 4.720E-01
  4.636640E+00 4.340E-01
  4.854500E+00 4.000E-01
  5.079340E+00 3.680E-01
  5.311440E+00 3.418E-01
  6.022980E+00 2.628E-01
  7.643290E+00 1.697E-01
  9.263610E+00 1.165E-01
  1.088390E+01 8.386E-02
  1.250420E+01 6.257E-02
  1.412460E+01 4.806E-02
  1.574490E+01 3.780E-02
  1.736520E+01 3.032E-02
  1.736550E+01 6.549E-01
  1.740040E+01 6.520E-01
  1.743520E+01 6.491E-01
  1.747010E+01 6.462E-01
  1.750500E+01 6.433E-01
  1.753980E+01 6.405E-01
  1.757470E+01 6.376E-01
  1.760950E+01 6.348E-01
  1.764440E+01 6.320E-01
  1.767920E+01 6.292E-01
  1.767940E+01 8.412E-01
  1.812580E+01 7.951E-01
  1.858350E+01 7.512E-01
  1.905280E+01 7.095E-01
  1.953390E+01 6.697E-01
  2.002720E+01 6.319E-01
  2.053290E+01 5.961E-01
  2.105130E+01 5.620E-01
  2.158290E+01 5.297E-01
  2.212790E+01 4.990E-01
  2.268670E+01 4.700E-01
  2.325950E+01 4.424E-01
  2.384690E+01 4.164E-01
  2.444900E+01 3.918E-01
  2.506640E+01 3.685E-01
  2.569930E+01 3.465E-01
  2.634830E+01 3.257E-01
  2.701360E+01 3.061E-01
  2.769570E+01 2.875E-01
  2.839510E+01 2.701E-01
  2.911210E+01 2.536E-01
  2.984720E+01 2.381E-01
  3.060090E+01 2.234E-01
  3.137360E+01 2.096E-01
  3.216580E+01 1.966E-01
  3.297800E+01 1.844E-01
  3.381080E+01 1.729E-01
  3.466450E+01 1.621E-01
  3.553980E+01 1.519E-01
  3.643730E+01 1.423E-01
  3.735740E+01 1.333E-01
  3.830070E+01 1.249E-01
  3.926780E+01 1.169E-01
  4.025940E+01 1.094E-01
  4.127600E+01 1.024E-01
  4.231820E+01 9.585E-02
  4.338680E+01 8.967E-02
  4.448240E+01 8.387E-02
  4.560560E+01 7.843E-02
  4.675720E+01 7.333E-02
  4.793790E+01 6.855E-02
  4.914840E+01 6.406E-02
  5.038940E+01 5.986E-02
  5.166180E+01 5.592E-02
  5.296630E+01 5.223E-02
  5.430380E+01 4.878E-02
  5.567500E+01 4.554E-02
  5.708090E+01 4.251E-02
  5.852220E+01 3.967E-02
  6.000000E+01 3.702E-02
    2    0    0    2
     55    102
  1.144850E+00    0.0050
  1.054940E+00 1.810E+00
  1.072850E+00 1.760E+00
  1.090850E+00 1.720E+00
  1.108850E+00 1.670E+00
  1.126850E+00 1.630E+00
  1.144850E+00 1.590E+00
  1.204340E+00 1.470E+00
  1.266240E+00 1.350E+00
  1.330660E+00 1.250E+00
  1.397680E+00 1.150E+00
  1.467400E+00 1.060E+00
  1.539910E+00 9.810E-01
  1.615300E+00 9.050E-01
  1.693690E+00 8.350E-01
  1.775170E+00 7.700E-01
  1.859860E+00 7.100E-01
  1.947870E+00 6.550E-01
  2.039310E+00 6.030E-01
  2.134300E+00 5.560E-01
  2.232970E+00 5.130E-01
  2.335450E+00 4.730E-01
  2.441860E+00 4.360E-01
  2.552340E+00 4.020E-01
  2.667040E+00 3.700E-01
  2.786090E+00 3.410E-01
  2.909650E+00 3.150E-01
  3.037870E+00 2.900E-01
  3.170910E+00 2.670E-01
  3.308940E+00 2.460E-01
  3.452120E+00 2.270E-01
  3.600630E+00 2.090E-01
  3.754660E+00 1.930E-01
  3.914380E+00 1.780E-01
  4.080000E+00 1.640E-01
  4.251700E+00 1.510E-01
  4.429710E+00 1.390E-01
  4.614220E+00 1.280E-01
  4.805460E+00 1.180E-01
  5.003650E+00 1.080E-01
  5.209030E+00 9.990E-02
  5.421840E+00 9.200E-02
  5.642330E+00 8.470E-02
  5.870750E+00 7.800E-02
  6.107370E+00 7.190E-02
  6.352470E+00 6.620E-02
  6.606310E+00 6.090E-02
  6.869210E+00 5.610E-02
  7.141450E+00 5.170E-02
  7.423350E+00 4.760E-02
  7.715230E+00 4.380E-02
  8.017420E+00 4.030E-02
  8.330250E+00 3.710E-02
  8.654090E+00 3.420E-02
  8.989300E+00 3.150E-02
  9.244850E+00 2.960E-02
  9.431611E+00 2.788E-02
  9.622137E+00 2.625E-02
  9.816517E+00 2.472E-02
  1.001483E+01 2.328E-02
  1.021714E+01 2.193E-02
  1.042354E+01 2.065E-02
  1.063410E+01 1.945E-02
  1.084893E+01 1.832E-02
  1.106809E+01 1.725E-02
  1.129169E+01 1.624E-02
  1.151979E+01 1.530E-02
  1.175250E+01 1.441E-02
  1.198993E+01 1.357E-02
  1.223213E+01 1.278E-02
  1.247924E+01 1.203E-02
  1.273134E+01 1.133E-02
  1.298853E+01 1.067E-02
  1.325092E+01 1.005E-02
  1.351860E+01 9.467E-03
  1.379170E+01 8.915E-03
  1.407030E+01 8.396E-03
  1.435454E+01 7.907E-03
  1.464453E+01 7.447E-03
  1.494037E+01 7.013E-03
  1.524218E+01 6.605E-03
  1.555009E+01 6.220E-03
  1.586423E+01 5.858E-03
  1.618469E+01 5.517E-03
  1.651164E+01 5.195E-03
  1.684521E+01 4.893E-03
  1.718550E+01 4.608E-03
  1.753267E+01 4.340E-03
  1.788686E+01 4.087E-03
  1.824820E+01 3.849E-03
  1.861684E+01 3.625E-03
  1.899292E+01 3.414E-03
  1.937660E+01 3.215E-03
  1.976804E+01 3.028E-03
  2.016737E+01 2.851E-03
  2.057478E+01 2.685E-03
  2.099042E+01 2.529E-03
  2.141446E+01 2.382E-03
  2.184706E+01 2.243E-03
  2.228839E+01 2.112E-03
  2.273866E+01 1.989E-03
  2.319801E+01 1.873E-03
  2.366664E+01 1.764E-03
    2    0    0    3
     70     96
  6.214430E-01    0.0050
  5.315330E-01 2.900E+00
  5.494430E-01 2.750E+00
  5.674430E-01 2.610E+00
  5.854430E-01 2.480E+00
  6.034430E-01 2.360E+00
  6.214430E-01 2.250E+00
  6.513250E-01 2.080E+00
  6.825060E-01 1.920E+00
  7.150380E-01 1.770E+00
  7.489730E-01 1.640E+00
  7.843660E-01 1.510E+00
  8.212740E-01 1.400E+00
  8.597540E-01 1.290E+00
  8.998680E-01 1.190E+00
  9.416790E-01 1.100E+00
  9.852510E-01 1.020E+00
  1.030650E+00 9.370E-01
  1.077950E+00 8.650E-01
  1.127220E+00 7.980E-01
  1.178530E+00 7.370E-01
  1.231970E+00 6.800E-01
  1.287600E+00 6.280E-01
  1.345520E+00 5.790E-01
  1.405800E+00 5.350E-01
  1.468540E+00 4.930E-01
  1.533820E+00 4.550E-01
  1.601750E+00 4.200E-01
  1.672410E+00 3.870E-01
  1.745910E+00 3.570E-01
  1.822350E+00 3.300E-01
  1.901840E+00 3.040E-01
  1.984480E+00 2.800E-01
  2.070400E+00 2.590E-01
  2.159710E+00 2.390E-01
  2.252530E+00 2.200E-01
  2.348980E+00 2.030E-01
  2.449200E+00 1.870E-01
  2.553320E+00 1.730E-01
  2.661480E+00 1.590E-01
  2.773820E+00 1.470E-01
  2.890490E+00 1.350E-01
  3.011640E+00 1.250E-01
  3.137420E+00 1.150E-01
  3.268010E+00 1.060E-01
  3.403560E+00 9.760E-02
  3.544250E+00 9.000E-02
  3.690250E+00 8.290E-02
  3.841750E+00 7.640E-02
  3.998940E+00 7.040E-02
  4.162020E+00 6.490E-02
  4.331170E+00 5.980E-02
  4.506620E+00 5.510E-02
  4.688580E+00 5.070E-02
  4.877250E+00 4.680E-02
  5.072880E+00 4.310E-02
  5.275700E+00 3.970E-02
  5.485940E+00 3.660E-02
  5.703860E+00 3.370E-02
  5.929720E+00 3.100E-02
  6.163760E+00 2.860E-02
  6.406280E+00 2.630E-02
  6.657550E+00 2.420E-02
  6.917850E+00 2.230E-02
  7.187490E+00 2.050E-02
  7.466770E+00 1.890E-02
  7.756020E+00 1.740E-02
  8.055540E+00 1.600E-02
  8.365680E+00 1.480E-02
  8.686780E+00 1.360E-02
  8.721440E+00 1.350E-02
  8.897628E+00 1.271E-02
  9.077367E+00 1.197E-02
  9.260741E+00 1.128E-02
  9.447824E+00 1.062E-02
  9.638684E+00 1.000E-02
  9.833395E+00 9.419E-03
  1.003204E+01 8.870E-03
  1.023470E+01 8.354E-03
  1.044146E+01 7.867E-03
  1.065239E+01 7.409E-03
  1.086758E+01 6.977E-03
  1.108712E+01 6.571E-03
  1.131110E+01 6.188E-03
  1.153960E+01 5.828E-03
  1.177271E+01 5.489E-03
  1.201054E+01 5.169E-03
  1.225316E+01 4.868E-03
  1.250070E+01 4.585E-03
  1.275322E+01 4.318E-03
  1.301086E+01 4.066E-03
  1.327369E+01 3.829E-03
  1.354184E+01 3.606E-03
  1.381541E+01 3.396E-03
  1.409450E+01 3.199E-03
  1.437922E+01 3.012E-03
  1.466970E+01 2.837E-03
    2    0    0    4
     67     95
  3.895940E-01    0.0050
  2.996840E-01 4.630E+00
  3.175940E-01 4.210E+00
  3.355940E-01 3.840E+00
  3.535940E-01 3.510E+00
  3.715940E-01 3.230E+00
  3.895940E-01 2.970E+00
  4.075850E-01 2.750E+00
  4.263540E-01 2.540E+00
  4.459330E-01 2.340E+00
  4.663550E-01 2.160E+00
  4.876530E-01 2.000E+00
  5.098640E-01 1.850E+00
  5.330230E-01 1.710E+00
  5.571690E-01 1.580E+00
  5.823410E-01 1.450E+00
  6.085800E-01 1.340E+00
  6.359290E-01 1.240E+00
  6.644310E-01 1.150E+00
  6.941330E-01 1.060E+00
  7.250810E-01 9.770E-01
  7.573250E-01 9.020E-01
  7.909160E-01 8.330E-01
  8.259070E-01 7.690E-01
  8.623520E-01 7.100E-01
  9.003090E-01 6.550E-01
  9.398360E-01 6.050E-01
  9.809950E-01 5.580E-01
  1.023850E+00 5.150E-01
  1.068460E+00 4.760E-01
  1.114910E+00 4.390E-01
  1.163250E+00 4.050E-01
  1.213560E+00 3.740E-01
  1.265920E+00 3.450E-01
  1.320410E+00 3.180E-01
  1.377100E+00 2.940E-01
  1.436090E+00 2.710E-01
  1.497460E+00 2.500E-01
  1.561300E+00 2.310E-01
  1.627700E+00 2.130E-01
  1.696760E+00 1.970E-01
  1.768570E+00 1.810E-01
  1.843260E+00 1.670E-01
  1.920920E+00 1.540E-01
  2.001660E+00 1.420E-01
  2.085600E+00 1.310E-01
  2.172860E+00 1.210E-01
  2.263560E+00 1.120E-01
  2.357830E+00 1.030E-01
  2.455810E+00 9.500E-02
  2.557630E+00 8.760E-02
  2.663430E+00 8.080E-02
  2.773360E+00 7.450E-02
  2.887570E+00 6.870E-02
  3.006220E+00 6.340E-02
  3.129480E+00 5.840E-02
  3.257510E+00 5.390E-02
  3.390480E+00 4.970E-02
  3.528580E+00 4.580E-02
  3.671990E+00 4.220E-02
  3.820910E+00 3.890E-02
  3.975530E+00 3.590E-02
  4.136070E+00 3.310E-02
  4.302730E+00 3.050E-02
  4.475740E+00 2.810E-02
  4.655330E+00 2.590E-02
  4.841720E+00 2.390E-02
  4.889590E+00 2.340E-02
  4.988368E+00 2.204E-02
  5.089137E+00 2.075E-02
  5.191944E+00 1.955E-02
  5.296830E+00 1.841E-02
  5.403834E+00 1.734E-02
  5.512997E+00 1.633E-02
  5.624365E+00 1.537E-02
  5.737986E+00 1.448E-02
  5.853900E+00 1.364E-02
  5.972160E+00 1.284E-02
  6.092803E+00 1.209E-02
  6.215885E+00 1.139E-02
  6.341457E+00 1.073E-02
  6.469562E+00 1.010E-02
  6.600253E+00 9.514E-03
  6.733589E+00 8.960E-03
  6.869617E+00 8.438E-03
  7.008394E+00 7.947E-03
  7.149969E+00 7.484E-03
  7.294413E+00 7.048E-03
  7.441766E+00 6.638E-03
  7.592099E+00 6.251E-03
  7.745472E+00 5.887E-03
  7.901942E+00 5.544E-03
  8.061568E+00 5.221E-03
  8.224426E+00 4.917E-03
  8.390572E+00 4.631E-03
  8.560070E+00 4.361E-03
    2    0    0    5
      5    114
  2.669170E-01    0.0050
  2.129170E-01 5.600E+00
  2.309170E-01 4.860E+00
  2.489170E-01 4.260E+00
  2.669170E-01 3.760E+00
  2.669170E-01 3.760E+00
  2.723091E-01 3.541E+00
  2.778100E-01 3.335E+00
  2.834221E-01 3.141E+00
  2.891477E-01 2.958E+00
  2.949889E-01 2.785E+00
  3.009480E-01 2.623E+00
  3.070275E-01 2.470E+00
  3.132299E-01 2.327E+00
  3.195575E-01 2.191E+00
  3.260132E-01 2.064E+00
  3.325990E-01 1.943E+00
  3.393179E-01 1.830E+00
  3.461727E-01 1.724E+00
  3.531657E-01 1.623E+00
  3.603001E-01 1.529E+00
  3.675787E-01 1.440E+00
  3.750043E-01 1.356E+00
  3.825800E-01 1.277E+00
  3.903084E-01 1.203E+00
  3.981934E-01 1.132E+00
  4.062373E-01 1.067E+00
  4.144438E-01 1.004E+00
  4.228162E-01 9.459E-01
  4.313577E-01 8.908E-01
  4.400715E-01 8.390E-01
  4.489618E-01 7.901E-01
  4.580315E-01 7.441E-01
  4.672841E-01 7.008E-01
  4.767240E-01 6.600E-01
  4.863544E-01 6.215E-01
  4.961793E-01 5.853E-01
  5.062029E-01 5.512E-01
  5.164289E-01 5.191E-01
  5.268615E-01 4.889E-01
  5.375049E-01 4.604E-01
  5.483630E-01 4.336E-01
  5.594409E-01 4.084E-01
  5.707422E-01 3.846E-01
  5.822719E-01 3.622E-01
  5.940347E-01 3.411E-01
  6.060348E-01 3.212E-01
  6.182777E-01 3.025E-01
  6.307676E-01 2.849E-01
  6.435099E-01 2.683E-01
  6.565099E-01 2.527E-01
  6.697723E-01 2.380E-01
  6.833025E-01 2.241E-01
  6.971061E-01 2.111E-01
  7.111887E-01 1.988E-01
  7.255555E-01 1.872E-01
  7.402124E-01 1.763E-01
  7.551661E-01 1.660E-01
  7.704211E-01 1.564E-01
  7.859849E-01 1.473E-01
  8.018626E-01 1.387E-01
  8.180615E-01 1.306E-01
  8.345870E-01 1.230E-01
  8.514472E-01 1.158E-01
  8.686470E-01 1.091E-01
  8.861954E-01 1.027E-01
  9.040972E-01 9.675E-02
  9.223619E-01 9.112E-02
  9.409943E-01 8.581E-02
  9.600039E-01 8.082E-02
  9.793967E-01 7.611E-02
  9.991825E-01 7.168E-02
  1.019366E+00 6.750E-02
  1.039959E+00 6.357E-02
  1.060967E+00 5.987E-02
  1.082401E+00 5.638E-02
  1.104266E+00 5.310E-02
  1.126575E+00 5.001E-02
  1.149332E+00 4.710E-02
  1.172551E+00 4.435E-02
  1.196238E+00 4.177E-02
  1.220404E+00 3.934E-02
  1.245058E+00 3.705E-02
  1.270209E+00 3.489E-02
  1.295870E+00 3.286E-02
  1.322047E+00 3.094E-02
  1.348755E+00 2.914E-02
  1.376001E+00 2.744E-02
  1.403799E+00 2.585E-02
  1.432157E+00 2.434E-02
  1.461089E+00 2.292E-02
  1.490603E+00 2.159E-02
  1.520717E+00 2.033E-02
  1.551436E+00 1.915E-02
  1.582778E+00 1.803E-02
  1.614752E+00 1.698E-02
  1.647373E+00 1.599E-02
  1.680652E+00 1.506E-02
  1.714603E+00 1.418E-02
  1.749240E+00 1.336E-02
  1.784577E+00 1.258E-02
  1.820627E+00 1.185E-02
  1.857408E+00 1.116E-02
  1.894929E+00 1.051E-02
  1.933209E+00 9.896E-03
  1.972262E+00 9.320E-03
  2.012106E+00 8.777E-03
  2.052752E+00 8.266E-03
  2.094221E+00 7.785E-03
  2.136528E+00 7.331E-03
  2.179688E+00 6.905E-03
  2.223722E+00 6.502E-03
  2.268642E+00 6.124E-03
  2.314473E+00 5.767E-03
  2.361227E+00 5.431E-03
    2    0    0    6
      4    113
  1.942370E-01    0.0050
  1.582380E-01 6.690E+00
  1.762380E-01 5.510E+00
  1.942370E-01 4.610E+00
  1.942370E-01 4.610E+00
  1.981609E-01 4.342E+00
  2.021639E-01 4.089E+00
  2.062479E-01 3.851E+00
  2.104144E-01 3.626E+00
  2.146651E-01 3.415E+00
  2.190015E-01 3.216E+00
  2.234256E-01 3.029E+00
  2.279391E-01 2.853E+00
  2.325438E-01 2.686E+00
  2.372416E-01 2.530E+00
  2.420341E-01 2.383E+00
  2.469235E-01 2.244E+00
  2.519118E-01 2.113E+00
  2.570007E-01 1.990E+00
  2.621924E-01 1.874E+00
  2.674891E-01 1.765E+00
  2.728927E-01 1.662E+00
  2.784056E-01 1.566E+00
  2.840297E-01 1.474E+00
  2.897676E-01 1.389E+00
  2.956212E-01 1.308E+00
  3.015931E-01 1.231E+00
  3.076857E-01 1.160E+00
  3.139014E-01 1.092E+00
  3.202425E-01 1.029E+00
  3.267120E-01 9.687E-01
  3.333120E-01 9.123E-01
  3.400453E-01 8.592E-01
  3.469147E-01 8.091E-01
  3.539228E-01 7.620E-01
  3.610725E-01 7.177E-01
  3.683667E-01 6.759E-01
  3.758082E-01 6.365E-01
  3.834001E-01 5.994E-01
  3.911453E-01 5.645E-01
  3.990468E-01 5.316E-01
  4.071082E-01 5.007E-01
  4.153323E-01 4.715E-01
  4.237225E-01 4.441E-01
  4.322824E-01 4.182E-01
  4.410149E-01 3.939E-01
  4.499242E-01 3.709E-01
  4.590131E-01 3.493E-01
  4.682858E-01 3.290E-01
  4.777460E-01 3.098E-01
  4.873971E-01 2.918E-01
  4.972430E-01 2.748E-01
  5.072880E-01 2.588E-01
  5.175360E-01 2.437E-01
  5.279908E-01 2.295E-01
  5.386567E-01 2.162E-01
  5.495386E-01 2.036E-01
  5.606397E-01 1.917E-01
  5.719656E-01 1.805E-01
  5.835199E-01 1.700E-01
  5.953079E-01 1.601E-01
  6.073337E-01 1.508E-01
  6.196029E-01 1.420E-01
  6.321194E-01 1.338E-01
  6.448894E-01 1.260E-01
  6.579166E-01 1.186E-01
  6.712079E-01 1.117E-01
  6.847668E-01 1.052E-01
  6.986002E-01 9.909E-02
  7.127125E-01 9.332E-02
  7.271107E-01 8.788E-02
  7.417989E-01 8.276E-02
  7.567845E-01 7.794E-02
  7.720723E-01 7.340E-02
  7.876695E-01 6.913E-02
  8.035810E-01 6.510E-02
  8.198148E-01 6.131E-02
  8.363759E-01 5.774E-02
  8.532721E-01 5.438E-02
  8.705089E-01 5.121E-02
  8.880948E-01 4.823E-02
  9.060359E-01 4.542E-02
  9.243386E-01 4.278E-02
  9.430119E-01 4.029E-02
  9.620616E-01 3.794E-02
  9.814970E-01 3.573E-02
  1.001324E+00 3.365E-02
  1.021552E+00 3.169E-02
  1.042189E+00 2.984E-02
  1.063243E+00 2.811E-02
  1.084721E+00 2.647E-02
  1.106634E+00 2.493E-02
  1.128989E+00 2.348E-02
  1.151796E+00 2.211E-02
  1.175064E+00 2.082E-02
  1.198802E+00 1.961E-02
  1.223020E+00 1.847E-02
  1.247726E+00 1.739E-02
  1.272931E+00 1.638E-02
  1.298647E+00 1.542E-02
  1.324881E+00 1.453E-02
  1.351645E+00 1.368E-02
  1.378950E+00 1.288E-02
  1.406808E+00 1.213E-02
  1.435226E+00 1.143E-02
  1.464220E+00 1.076E-02
  1.493799E+00 1.013E-02
  1.523976E+00 9.545E-03
  1.554764E+00 8.989E-03
  1.586171E+00 8.465E-03
  1.618215E+00 7.972E-03
  1.650904E+00 7.508E-03
  1.684255E+00 7.071E-03
  1.718278E+00 6.659E-03
    2    0    0    7
      4    111
  1.476590E-01    0.0050
  1.116590E-01 9.240E+00
  1.296590E-01 7.020E+00
  1.476590E-01 5.520E+00
  1.476590E-01 5.520E+00
  1.506419E-01 5.199E+00
  1.536850E-01 4.896E+00
  1.567897E-01 4.611E+00
  1.599571E-01 4.342E+00
  1.631885E-01 4.089E+00
  1.664850E-01 3.851E+00
  1.698482E-01 3.627E+00
  1.732793E-01 3.416E+00
  1.767799E-01 3.217E+00
  1.803511E-01 3.029E+00
  1.839944E-01 2.853E+00
  1.877113E-01 2.687E+00
  1.915034E-01 2.530E+00
  1.953720E-01 2.383E+00
  1.993187E-01 2.244E+00
  2.033452E-01 2.114E+00
  2.074531E-01 1.990E+00
  2.116440E-01 1.875E+00
  2.159194E-01 1.765E+00
  2.202814E-01 1.663E+00
  2.247313E-01 1.566E+00
  2.292711E-01 1.475E+00
  2.339028E-01 1.389E+00
  2.386279E-01 1.308E+00
  2.434484E-01 1.232E+00
  2.483665E-01 1.160E+00
  2.533839E-01 1.092E+00
  2.585025E-01 1.029E+00
  2.637246E-01 9.689E-01
  2.690522E-01 9.125E-01
  2.744874E-01 8.593E-01
  2.800324E-01 8.093E-01
  2.856895E-01 7.621E-01
  2.914608E-01 7.178E-01
  2.973487E-01 6.760E-01
  3.033555E-01 6.366E-01
  3.094838E-01 5.995E-01
  3.157357E-01 5.646E-01
  3.221139E-01 5.317E-01
  3.286211E-01 5.008E-01
  3.352596E-01 4.716E-01
  3.420324E-01 4.441E-01
  3.489419E-01 4.183E-01
  3.559909E-01 3.939E-01
  3.631825E-01 3.710E-01
  3.705193E-01 3.494E-01
  3.780043E-01 3.290E-01
  3.856404E-01 3.099E-01
  3.934309E-01 2.918E-01
  4.013788E-01 2.748E-01
  4.094869E-01 2.588E-01
  4.177593E-01 2.437E-01
  4.261984E-01 2.296E-01
  4.348084E-01 2.162E-01
  4.435920E-01 2.036E-01
  4.525532E-01 1.917E-01
  4.616951E-01 1.806E-01
  4.710222E-01 1.701E-01
  4.805372E-01 1.602E-01
  4.902450E-01 1.508E-01
  5.001484E-01 1.420E-01
  5.102524E-01 1.338E-01
  5.205598E-01 1.260E-01
  5.310761E-01 1.186E-01
  5.418042E-01 1.117E-01
  5.527498E-01 1.052E-01
  5.639157E-01 9.910E-02
  5.753077E-01 9.333E-02
  5.869295E-01 8.789E-02
  5.987866E-01 8.278E-02
  6.108825E-01 7.796E-02
  6.232234E-01 7.342E-02
  6.358131E-01 6.914E-02
  6.486576E-01 6.511E-02
  6.617610E-01 6.132E-02
  6.751298E-01 5.775E-02
  6.887687E-01 5.439E-02
  7.026824E-01 5.122E-02
  7.168779E-01 4.824E-02
  7.313594E-01 4.543E-02
  7.461342E-01 4.278E-02
  7.612067E-01 4.029E-02
  7.765844E-01 3.794E-02
  7.922722E-01 3.574E-02
  8.082775E-01 3.365E-02
  8.246052E-01 3.169E-02
  8.412638E-01 2.985E-02
  8.582581E-01 2.811E-02
  8.755963E-01 2.647E-02
  8.932841E-01 2.493E-02
  9.113302E-01 2.348E-02
  9.297398E-01 2.211E-02
  9.485222E-01 2.082E-02
  9.676831E-01 1.961E-02
  9.872321E-01 1.847E-02
  1.007174E+00 1.739E-02
  1.027521E+00 1.638E-02
  1.048278E+00 1.543E-02
  1.069455E+00 1.453E-02
  1.091059E+00 1.368E-02
  1.113101E+00 1.289E-02
  1.135586E+00 1.214E-02
  1.158527E+00 1.143E-02
  1.181931E+00 1.076E-02
  1.205808E+00 1.014E-02
  1.230166E+00 9.546E-03
  1.255017E+00 8.990E-03
    2    0    0    8
      3    113
  1.160280E-01    0.0050
  9.802812E-02 8.940E+00
  1.160280E-01 6.480E+00
  1.160280E-01 6.480E+00
  1.183720E-01 6.103E+00
  1.207631E-01 5.747E+00
  1.232027E-01 5.413E+00
  1.256917E-01 5.097E+00
  1.282308E-01 4.800E+00
  1.308212E-01 4.521E+00
  1.334639E-01 4.258E+00
  1.361601E-01 4.010E+00
  1.389107E-01 3.776E+00
  1.417170E-01 3.556E+00
  1.445798E-01 3.349E+00
  1.475005E-01 3.154E+00
  1.504802E-01 2.970E+00
  1.535200E-01 2.797E+00
  1.566213E-01 2.635E+00
  1.597853E-01 2.481E+00
  1.630132E-01 2.337E+00
  1.663064E-01 2.201E+00
  1.696659E-01 2.072E+00
  1.730935E-01 1.952E+00
  1.765901E-01 1.838E+00
  1.801574E-01 1.731E+00
  1.837969E-01 1.630E+00
  1.875099E-01 1.535E+00
  1.912978E-01 1.446E+00
  1.951623E-01 1.362E+00
  1.991049E-01 1.282E+00
  2.031270E-01 1.208E+00
  2.072304E-01 1.137E+00
  2.114168E-01 1.071E+00
  2.156876E-01 1.009E+00
  2.200449E-01 9.500E-01
  2.244901E-01 8.947E-01
  2.290251E-01 8.426E-01
  2.336517E-01 7.935E-01
  2.383717E-01 7.473E-01
  2.431872E-01 7.038E-01
  2.480999E-01 6.628E-01
  2.531118E-01 6.242E-01
  2.582251E-01 5.879E-01
  2.634415E-01 5.536E-01
  2.687634E-01 5.214E-01
  2.741928E-01 4.910E-01
  2.797318E-01 4.624E-01
  2.853829E-01 4.355E-01
  2.911480E-01 4.101E-01
  2.970295E-01 3.862E-01
  3.030299E-01 3.638E-01
  3.091515E-01 3.426E-01
  3.153968E-01 3.226E-01
  3.217681E-01 3.038E-01
  3.282684E-01 2.861E-01
  3.348997E-01 2.695E-01
  3.416653E-01 2.538E-01
  3.485672E-01 2.390E-01
  3.556088E-01 2.251E-01
  3.627924E-01 2.120E-01
  3.701215E-01 1.996E-01
  3.775982E-01 1.880E-01
  3.852264E-01 1.771E-01
  3.930083E-01 1.667E-01
  4.009479E-01 1.570E-01
  4.090474E-01 1.479E-01
  4.173108E-01 1.393E-01
  4.257408E-01 1.312E-01
  4.343416E-01 1.235E-01
  4.431156E-01 1.163E-01
  4.520673E-01 1.096E-01
  4.611995E-01 1.032E-01
  4.705166E-01 9.717E-02
  4.800214E-01 9.151E-02
  4.897187E-01 8.618E-02
  4.996114E-01 8.116E-02
  5.097045E-01 7.644E-02
  5.200009E-01 7.199E-02
  5.305059E-01 6.779E-02
  5.412230E-01 6.385E-02
  5.521562E-01 6.013E-02
  5.633108E-01 5.663E-02
  5.746902E-01 5.333E-02
  5.863000E-01 5.022E-02
  5.981437E-01 4.730E-02
  6.102272E-01 4.454E-02
  6.225544E-01 4.195E-02
  6.351311E-01 3.951E-02
  6.479612E-01 3.721E-02
  6.610512E-01 3.504E-02
  6.744050E-01 3.300E-02
  6.880292E-01 3.108E-02
  7.019280E-01 2.927E-02
  7.161083E-01 2.756E-02
  7.305743E-01 2.596E-02
  7.453331E-01 2.445E-02
  7.603894E-01 2.302E-02
  7.757508E-01 2.168E-02
  7.914215E-01 2.042E-02
  8.074096E-01 1.923E-02
  8.237200E-01 1.811E-02
  8.403606E-01 1.706E-02
  8.573366E-01 1.606E-02
  8.746564E-01 1.513E-02
  8.923252E-01 1.425E-02
  9.103518E-01 1.342E-02
  9.287425E-01 1.264E-02
  9.475039E-01 1.190E-02
  9.666452E-01 1.121E-02
  9.861722E-01 1.055E-02
  1.006094E+00 9.939E-03
  1.026418E+00 9.360E-03
  1.047153E+00 8.815E-03
    2    0    0    9
      3    112
  9.357131E-02    0.0050
  7.557130E-02 1.090E+01
  9.357131E-02 7.500E+00
  9.357131E-02 7.500E+00
  9.546155E-02 7.063E+00
  9.739000E-02 6.652E+00
  9.935737E-02 6.265E+00
  1.013646E-01 5.900E+00
  1.034123E-01 5.556E+00
  1.055013E-01 5.233E+00
  1.076325E-01 4.928E+00
  1.098069E-01 4.641E+00
  1.120251E-01 4.371E+00
  1.142883E-01 4.116E+00
  1.165970E-01 3.876E+00
  1.189524E-01 3.651E+00
  1.213554E-01 3.438E+00
  1.238070E-01 3.238E+00
  1.263080E-01 3.049E+00
  1.288596E-01 2.872E+00
  1.314627E-01 2.704E+00
  1.341185E-01 2.547E+00
  1.368278E-01 2.399E+00
  1.395920E-01 2.259E+00
  1.424119E-01 2.127E+00
  1.452888E-01 2.004E+00
  1.482238E-01 1.887E+00
  1.512182E-01 1.777E+00
  1.542729E-01 1.673E+00
  1.573895E-01 1.576E+00
  1.605690E-01 1.484E+00
  1.638126E-01 1.398E+00
  1.671219E-01 1.316E+00
  1.704980E-01 1.240E+00
  1.739423E-01 1.168E+00
  1.774561E-01 1.100E+00
  1.810410E-01 1.036E+00
  1.846983E-01 9.752E-01
  1.884295E-01 9.184E-01
  1.922359E-01 8.649E-01
  1.961194E-01 8.146E-01
  2.000812E-01 7.671E-01
  2.041231E-01 7.225E-01
  2.082468E-01 6.804E-01
  2.124535E-01 6.408E-01
  2.167455E-01 6.034E-01
  2.211239E-01 5.683E-01
  2.255909E-01 5.352E-01
  2.301483E-01 5.040E-01
  2.347976E-01 4.747E-01
  2.395408E-01 4.470E-01
  2.443798E-01 4.210E-01
  2.493166E-01 3.965E-01
  2.543532E-01 3.734E-01
  2.594913E-01 3.517E-01
  2.647335E-01 3.312E-01
  2.700813E-01 3.119E-01
  2.755374E-01 2.937E-01
  2.811036E-01 2.766E-01
  2.867823E-01 2.605E-01
  2.925755E-01 2.453E-01
  2.984862E-01 2.311E-01
  3.045158E-01 2.176E-01
  3.106676E-01 2.049E-01
  3.169433E-01 1.930E-01
  3.233462E-01 1.818E-01
  3.298780E-01 1.712E-01
  3.365421E-01 1.612E-01
  3.433405E-01 1.518E-01
  3.502767E-01 1.430E-01
  3.573526E-01 1.346E-01
  3.645717E-01 1.268E-01
  3.719364E-01 1.194E-01
  3.794502E-01 1.125E-01
  3.871154E-01 1.059E-01
  3.949358E-01 9.975E-02
  4.029139E-01 9.394E-02
  4.110534E-01 8.847E-02
  4.193571E-01 8.332E-02
  4.278288E-01 7.847E-02
  4.364718E-01 7.390E-02
  4.452888E-01 6.959E-02
  4.542845E-01 6.554E-02
  4.634614E-01 6.172E-02
  4.728242E-01 5.813E-02
  4.823756E-01 5.474E-02
  4.921204E-01 5.156E-02
  5.020618E-01 4.855E-02
  5.122043E-01 4.573E-02
  5.225512E-01 4.306E-02
  5.331077E-01 4.056E-02
  5.438769E-01 3.819E-02
  5.548642E-01 3.597E-02
  5.660729E-01 3.387E-02
  5.775087E-01 3.190E-02
  5.891748E-01 3.004E-02
  6.010772E-01 2.829E-02
  6.132194E-01 2.665E-02
  6.256076E-01 2.509E-02
  6.382454E-01 2.363E-02
  6.511391E-01 2.226E-02
  6.642926E-01 2.096E-02
  6.777126E-01 1.974E-02
  6.914029E-01 1.859E-02
  7.053705E-01 1.751E-02
  7.196196E-01 1.649E-02
  7.341572E-01 1.553E-02
  7.489885E-01 1.462E-02
  7.641187E-01 1.377E-02
  7.795553E-01 1.297E-02
  7.953030E-01 1.221E-02
  8.113695E-01 1.150E-02
  8.277598E-01 1.083E-02
    2    1    1    1
     53     99
  2.344050E+00    0.0050
  2.254140E+00 1.890E+00
  2.272050E+00 1.850E+00
  2.290050E+00 1.800E+00
  2.308050E+00 1.760E+00
  2.326050E+00 1.720E+00
  2.344050E+00 1.690E+00
  2.414090E+00 1.550E+00
  2.486090E+00 1.420E+00
  2.560100E+00 1.300E+00
  2.636160E+00 1.190E+00
  2.714320E+00 1.100E+00
  2.794640E+00 1.010E+00
  2.877170E+00 9.230E-01
  2.961950E+00 8.460E-01
  3.049050E+00 7.760E-01
  3.138510E+00 7.120E-01
  3.230390E+00 6.530E-01
  3.324750E+00 5.990E-01
  3.421650E+00 5.490E-01
  3.521140E+00 5.040E-01
  3.623290E+00 4.620E-01
  3.728150E+00 4.230E-01
  3.835780E+00 3.880E-01
  3.946250E+00 3.560E-01
  4.059620E+00 3.260E-01
  4.175950E+00 2.990E-01
  4.295320E+00 2.740E-01
  4.417780E+00 2.510E-01
  4.543410E+00 2.300E-01
  4.672270E+00 2.110E-01
  4.804440E+00 1.940E-01
  4.939980E+00 1.770E-01
  5.078970E+00 1.630E-01
  5.221490E+00 1.490E-01
  5.367590E+00 1.370E-01
  5.517380E+00 1.250E-01
  5.670910E+00 1.150E-01
  5.828260E+00 1.050E-01
  5.989530E+00 9.620E-02
  6.154780E+00 8.820E-02
  6.324100E+00 8.080E-02
  6.497580E+00 7.400E-02
  6.675290E+00 6.780E-02
  6.857320E+00 6.210E-02
  7.043760E+00 5.690E-02
  7.234700E+00 5.210E-02
  7.430230E+00 4.770E-02
  7.630440E+00 4.370E-02
  7.835420E+00 4.000E-02
  8.045260E+00 3.660E-02
  8.260050E+00 3.350E-02
  8.479910E+00 3.070E-02
  8.644050E+00 2.880E-02
  8.818673E+00 2.712E-02
  8.996818E+00 2.554E-02
  9.178565E+00 2.406E-02
  9.363988E+00 2.265E-02
  9.553154E+00 2.134E-02
  9.746137E+00 2.009E-02
  9.943019E+00 1.892E-02
  1.014388E+01 1.782E-02
  1.034880E+01 1.678E-02
  1.055787E+01 1.581E-02
  1.077115E+01 1.489E-02
  1.098874E+01 1.402E-02
  1.121073E+01 1.320E-02
  1.143720E+01 1.243E-02
  1.166824E+01 1.171E-02
  1.190396E+01 1.103E-02
  1.214443E+01 1.039E-02
  1.238977E+01 9.780E-03
  1.264006E+01 9.211E-03
  1.289541E+01 8.674E-03
  1.315591E+01 8.169E-03
  1.342167E+01 7.694E-03
  1.369281E+01 7.245E-03
  1.396943E+01 6.824E-03
  1.425162E+01 6.426E-03
  1.453953E+01 6.052E-03
  1.483325E+01 5.699E-03
  1.513290E+01 5.368E-03
  1.543860E+01 5.055E-03
  1.575048E+01 4.761E-03
  1.606865E+01 4.483E-03
  1.639326E+01 4.222E-03
  1.672444E+01 3.976E-03
  1.706229E+01 3.745E-03
  1.740697E+01 3.527E-03
  1.775861E+01 3.321E-03
  1.811737E+01 3.128E-03
  1.848335E+01 2.946E-03
  1.885675E+01 2.774E-03
  1.923769E+01 2.613E-03
  1.962630E+01 2.461E-03
  2.002278E+01 2.317E-03
  2.042726E+01 2.182E-03
  2.083992E+01 2.055E-03
  2.126093E+01 1.936E-03
  2.169043E+01 1.823E-03
    2    1    1    2
     77     88
  1.028500E+00    0.0050
  9.385930E-01 3.850E+00
  9.565030E-01 3.680E+00
  9.745030E-01 3.530E+00
  9.925030E-01 3.390E+00
  1.010500E+00 3.250E+00
  1.028500E+00 3.120E+00
  1.066510E+00 2.860E+00
  1.105710E+00 2.630E+00
  1.146120E+00 2.420E+00
  1.187780E+00 2.220E+00
  1.230710E+00 2.040E+00
  1.274970E+00 1.880E+00
  1.320560E+00 1.720E+00
  1.367540E+00 1.580E+00
  1.415930E+00 1.450E+00
  1.465780E+00 1.330E+00
  1.517110E+00 1.230E+00
  1.569970E+00 1.130E+00
  1.624390E+00 1.030E+00
  1.680420E+00 9.480E-01
  1.738090E+00 8.710E-01
  1.797440E+00 7.990E-01
  1.858520E+00 7.340E-01
  1.921370E+00 6.730E-01
  1.986030E+00 6.180E-01
  2.052540E+00 5.670E-01
  2.120960E+00 5.210E-01
  2.191320E+00 4.780E-01
  2.263670E+00 4.380E-01
  2.338070E+00 4.020E-01
  2.414550E+00 3.690E-01
  2.493180E+00 3.390E-01
  2.573990E+00 3.110E-01
  2.657050E+00 2.850E-01
  2.742410E+00 2.620E-01
  2.830120E+00 2.400E-01
  2.920230E+00 2.200E-01
  3.012800E+00 2.020E-01
  3.107890E+00 1.850E-01
  3.205560E+00 1.700E-01
  3.305860E+00 1.560E-01
  3.408860E+00 1.430E-01
  3.514620E+00 1.310E-01
  3.623210E+00 1.200E-01
  3.734670E+00 1.100E-01
  3.849100E+00 1.010E-01
  3.966540E+00 9.260E-02
  4.087060E+00 8.490E-02
  4.210750E+00 7.780E-02
  4.337660E+00 7.130E-02
  4.467880E+00 6.540E-02
  4.601460E+00 6.000E-02
  4.738500E+00 5.500E-02
  4.879060E+00 5.040E-02
  5.023220E+00 4.620E-02
  5.171060E+00 4.230E-02
  5.322670E+00 3.880E-02
  5.478120E+00 3.550E-02
  5.637500E+00 3.260E-02
  5.800890E+00 2.980E-02
  5.968390E+00 2.740E-02
  6.140070E+00 2.510E-02
  6.316040E+00 2.300E-02
  6.496380E+00 2.100E-02
  6.681180E+00 1.930E-02
  6.870540E+00 1.770E-02
  7.064560E+00 1.620E-02
  7.263340E+00 1.480E-02
  7.466970E+00 1.360E-02
  7.675560E+00 1.240E-02
  7.889220E+00 1.140E-02
  8.108050E+00 1.040E-02
  8.332150E+00 9.560E-03
  8.561650E+00 8.760E-03
  8.796640E+00 8.020E-03
  9.037250E+00 7.340E-03
  9.128500E+00 7.110E-03
  9.312911E+00 6.696E-03
  9.501039E+00 6.306E-03
  9.692971E+00 5.939E-03
  9.888787E+00 5.593E-03
  1.008855E+01 5.267E-03
  1.029235E+01 4.960E-03
  1.050027E+01 4.672E-03
  1.071239E+01 4.400E-03
  1.092879E+01 4.143E-03
  1.114958E+01 3.902E-03
  1.137481E+01 3.675E-03
    2    1    1    3
     90     90
  5.745820E-01    0.0050
  4.846720E-01 6.650E+00
  5.025820E-01 6.160E+00
  5.205820E-01 5.720E+00
  5.385820E-01 5.320E+00
  5.565820E-01 4.950E+00
  5.745820E-01 4.630E+00
  5.970210E-01 4.260E+00
  6.202380E-01 3.920E+00
  6.442550E-01 3.600E+00
  6.690950E-01 3.320E+00
  6.947830E-01 3.050E+00
  7.213430E-01 2.810E+00
  7.487990E-01 2.580E+00
  7.771790E-01 2.380E+00
  8.065070E-01 2.180E+00
  8.368120E-01 2.010E+00
  8.681190E-01 1.850E+00
  9.004580E-01 1.700E+00
  9.338570E-01 1.560E+00
  9.683460E-01 1.440E+00
  1.003950E+00 1.320E+00
  1.040710E+00 1.210E+00
  1.078650E+00 1.120E+00
  1.117800E+00 1.020E+00
  1.158210E+00 9.420E-01
  1.199880E+00 8.660E-01
  1.242880E+00 7.960E-01
  1.287220E+00 7.310E-01
  1.332940E+00 6.720E-01
  1.380090E+00 6.170E-01
  1.428700E+00 5.670E-01
  1.478800E+00 5.210E-01
  1.530430E+00 4.790E-01
  1.583640E+00 4.400E-01
  1.638460E+00 4.040E-01
  1.694940E+00 3.710E-01
  1.753120E+00 3.400E-01
  1.813030E+00 3.130E-01
  1.874730E+00 2.870E-01
  1.938260E+00 2.640E-01
  2.003660E+00 2.420E-01
  2.070990E+00 2.220E-01
  2.140280E+00 2.040E-01
  2.211590E+00 1.870E-01
  2.284960E+00 1.720E-01
  2.360440E+00 1.580E-01
  2.438100E+00 1.450E-01
  2.517970E+00 1.330E-01
  2.600110E+00 1.220E-01
  2.684580E+00 1.120E-01
  2.771430E+00 1.030E-01
  2.860720E+00 9.420E-02
  2.952510E+00 8.640E-02
  3.046840E+00 7.930E-02
  3.143790E+00 7.280E-02
  3.243410E+00 6.670E-02
  3.345770E+00 6.120E-02
  3.450920E+00 5.620E-02
  3.558930E+00 5.150E-02
  3.669880E+00 4.720E-02
  3.783810E+00 4.330E-02
  3.900810E+00 3.970E-02
  4.020930E+00 3.640E-02
  4.144250E+00 3.340E-02
  4.270850E+00 3.060E-02
  4.400790E+00 2.810E-02
  4.534150E+00 2.580E-02
  4.671000E+00 2.360E-02
  4.811420E+00 2.160E-02
  4.955480E+00 1.980E-02
  5.103280E+00 1.820E-02
  5.254880E+00 1.670E-02
  5.410370E+00 1.530E-02
  5.569830E+00 1.400E-02
  5.733350E+00 1.280E-02
  5.901020E+00 1.180E-02
  6.072910E+00 1.080E-02
  6.249130E+00 9.870E-03
  6.429760E+00 9.050E-03
  6.614900E+00 8.290E-03
  6.804630E+00 7.590E-03
  6.999060E+00 6.960E-03
  7.198290E+00 6.370E-03
  7.402400E+00 5.840E-03
  7.611500E+00 5.350E-03
  7.825700E+00 4.900E-03
  8.045100E+00 4.490E-03
  8.269790E+00 4.110E-03
  8.499900E+00 3.760E-03
  8.674580E+00 3.530E-03
    2    1    1    4
    101    101
  3.661960E-01    0.0050
  2.762860E-01 1.130E+01
  2.941960E-01 9.900E+00
  3.121960E-01 8.760E+00
  3.301960E-01 7.790E+00
  3.481960E-01 6.970E+00
  3.661960E-01 6.270E+00
  3.806680E-01 5.780E+00
  3.956710E-01 5.320E+00
  4.112250E-01 4.900E+00
  4.273450E-01 4.510E+00
  4.440500E-01 4.160E+00
  4.613590E-01 3.830E+00
  4.792910E-01 3.520E+00
  4.978650E-01 3.240E+00
  5.171020E-01 2.990E+00
  5.370210E-01 2.750E+00
  5.576450E-01 2.530E+00
  5.789950E-01 2.330E+00
  6.010930E-01 2.150E+00
  6.239610E-01 1.970E+00
  6.476230E-01 1.820E+00
  6.721030E-01 1.670E+00
  6.974260E-01 1.540E+00
  7.236150E-01 1.410E+00
  7.506970E-01 1.300E+00
  7.786980E-01 1.200E+00
  8.076440E-01 1.100E+00
  8.375630E-01 1.010E+00
  8.684830E-01 9.320E-01
  9.004330E-01 8.570E-01
  9.334420E-01 7.880E-01
  9.675400E-01 7.250E-01
  1.002760E+00 6.660E-01
  1.039130E+00 6.130E-01
  1.076680E+00 5.630E-01
  1.115440E+00 5.180E-01
  1.155460E+00 4.760E-01
  1.196760E+00 4.380E-01
  1.239370E+00 4.020E-01
  1.283340E+00 3.700E-01
  1.328700E+00 3.400E-01
  1.375490E+00 3.120E-01
  1.423740E+00 2.870E-01
  1.473490E+00 2.630E-01
  1.524790E+00 2.420E-01
  1.577670E+00 2.220E-01
  1.632180E+00 2.040E-01
  1.688350E+00 1.880E-01
  1.746230E+00 1.720E-01
  1.805860E+00 1.580E-01
  1.867290E+00 1.450E-01
  1.930570E+00 1.330E-01
  1.995730E+00 1.230E-01
  2.062830E+00 1.130E-01
  2.131910E+00 1.030E-01
  2.203030E+00 9.490E-02
  2.276230E+00 8.710E-02
  2.351570E+00 8.000E-02
  2.429090E+00 7.340E-02
  2.508850E+00 6.740E-02
  2.590900E+00 6.180E-02
  2.675300E+00 5.670E-02
  2.762110E+00 5.210E-02
  2.851370E+00 4.780E-02
  2.943160E+00 4.390E-02
  3.037530E+00 4.020E-02
  3.134530E+00 3.690E-02
  3.234230E+00 3.390E-02
  3.336700E+00 3.110E-02
  3.441990E+00 2.850E-02
  3.550170E+00 2.610E-02
  3.661300E+00 2.400E-02
  3.775460E+00 2.200E-02
  3.892710E+00 2.020E-02
  4.013120E+00 1.850E-02
  4.136760E+00 1.700E-02
  4.263710E+00 1.550E-02
  4.394030E+00 1.430E-02
  4.527800E+00 1.310E-02
  4.665090E+00 1.200E-02
  4.805990E+00 1.100E-02
  4.950570E+00 1.010E-02
  5.098900E+00 9.230E-03
  5.251080E+00 8.460E-03
  5.407180E+00 7.760E-03
  5.567280E+00 7.110E-03
  5.731480E+00 6.520E-03
  5.899860E+00 5.970E-03
  6.072490E+00 5.470E-03
  6.249490E+00 5.020E-03
  6.430920E+00 4.600E-03
  6.616900E+00 4.210E-03
  6.807500E+00 3.860E-03
  7.002830E+00 3.530E-03
  7.202980E+00 3.240E-03
  7.408050E+00 2.970E-03
  7.618140E+00 2.720E-03
  7.833350E+00 2.490E-03
  8.053780E+00 2.280E-03
  8.279540E+00 2.090E-03
  8.466200E+00 1.940E-03
    2    1    1    5
    109    109
  2.535870E-01    0.0050
  1.995870E-01 1.330E+01
  2.175870E-01 1.110E+01
  2.355870E-01 9.400E+00
  2.535870E-01 8.060E+00
  2.635830E-01 7.430E+00
  2.739590E-01 6.850E+00
  2.847280E-01 6.310E+00
  2.959030E-01 5.810E+00
  3.074980E-01 5.360E+00
  3.195280E-01 4.940E+00
  3.320070E-01 4.550E+00
  3.449500E-01 4.190E+00
  3.583730E-01 3.860E+00
  3.722930E-01 3.560E+00
  3.867240E-01 3.280E+00
  4.016850E-01 3.020E+00
  4.171920E-01 2.780E+00
  4.332640E-01 2.560E+00
  4.499180E-01 2.360E+00
  4.671740E-01 2.170E+00
  4.850500E-01 2.000E+00
  5.035670E-01 1.840E+00
  5.227440E-01 1.690E+00
  5.426030E-01 1.560E+00
  5.631640E-01 1.440E+00
  5.844500E-01 1.320E+00
  6.064830E-01 1.220E+00
  6.292860E-01 1.120E+00
  6.528820E-01 1.030E+00
  6.772950E-01 9.480E-01
  7.025510E-01 8.730E-01
  7.286740E-01 8.030E-01
  7.556900E-01 7.390E-01
  7.836260E-01 6.800E-01
  8.125080E-01 6.250E-01
  8.423650E-01 5.750E-01
  8.732250E-01 5.290E-01
  9.051160E-01 4.870E-01
  9.380690E-01 4.470E-01
  9.721140E-01 4.110E-01
  1.007280E+00 3.780E-01
  1.043600E+00 3.480E-01
  1.081110E+00 3.200E-01
  1.119840E+00 2.940E-01
  1.159820E+00 2.700E-01
  1.201090E+00 2.480E-01
  1.243690E+00 2.280E-01
  1.287650E+00 2.100E-01
  1.333000E+00 1.930E-01
  1.379780E+00 1.770E-01
  1.428040E+00 1.630E-01
  1.477810E+00 1.500E-01
  1.529130E+00 1.380E-01
  1.582050E+00 1.260E-01
  1.636590E+00 1.160E-01
  1.692820E+00 1.070E-01
  1.750770E+00 9.800E-02
  1.810480E+00 9.000E-02
  1.871990E+00 8.270E-02
  1.935370E+00 7.590E-02
  2.000650E+00 6.970E-02
  2.067870E+00 6.400E-02
  2.137100E+00 5.880E-02
  2.208370E+00 5.400E-02
  2.281740E+00 4.960E-02
  2.357270E+00 4.550E-02
  2.434990E+00 4.180E-02
  2.514970E+00 3.830E-02
  2.597260E+00 3.520E-02
  2.681920E+00 3.230E-02
  2.769000E+00 2.960E-02
  2.858560E+00 2.720E-02
  2.950660E+00 2.500E-02
  3.045360E+00 2.290E-02
  3.142720E+00 2.100E-02
  3.242800E+00 1.930E-02
  3.345660E+00 1.770E-02
  3.451370E+00 1.620E-02
  3.559990E+00 1.490E-02
  3.671590E+00 1.370E-02
  3.786240E+00 1.250E-02
  3.904010E+00 1.150E-02
  4.024960E+00 1.050E-02
  4.149160E+00 9.660E-03
  4.276690E+00 8.860E-03
  4.407630E+00 8.120E-03
  4.542040E+00 7.450E-03
  4.680000E+00 6.830E-03
  4.821590E+00 6.260E-03
  4.966880E+00 5.740E-03
  5.115970E+00 5.260E-03
  5.268920E+00 4.820E-03
  5.425820E+00 4.420E-03
  5.586760E+00 4.050E-03
  5.751820E+00 3.710E-03
  5.921080E+00 3.400E-03
  6.094630E+00 3.120E-03
  6.272570E+00 2.860E-03
  6.454980E+00 2.620E-03
  6.641950E+00 2.400E-03
  6.833580E+00 2.200E-03
  7.029970E+00 2.010E-03
  7.231200E+00 1.840E-03
  7.437380E+00 1.690E-03
  7.648610E+00 1.550E-03
  7.864990E+00 1.420E-03
  8.086610E+00 1.300E-03
  8.313590E+00 1.190E-03
  8.353590E+00 1.170E-03
    2    1    1    6
    116    116
  1.859320E-01    0.0050
  1.499320E-01 1.560E+01
  1.679320E-01 1.240E+01
  1.859320E-01 9.990E+00
  1.932120E-01 9.210E+00
  2.007720E-01 8.490E+00
  2.086240E-01 7.830E+00
  2.167790E-01 7.220E+00
  2.252450E-01 6.650E+00
  2.340360E-01 6.130E+00
  2.431630E-01 5.650E+00
  2.526360E-01 5.210E+00
  2.624690E-01 4.800E+00
  2.726740E-01 4.430E+00
  2.832640E-01 4.080E+00
  2.942530E-01 3.760E+00
  3.056530E-01 3.460E+00
  3.174800E-01 3.190E+00
  3.297470E-01 2.940E+00
  3.424700E-01 2.710E+00
  3.556640E-01 2.500E+00
  3.693450E-01 2.300E+00
  3.835280E-01 2.120E+00
  3.982320E-01 1.950E+00
  4.134720E-01 1.800E+00
  4.292670E-01 1.650E+00
  4.456340E-01 1.520E+00
  4.625920E-01 1.400E+00
  4.801600E-01 1.290E+00
  4.983580E-01 1.190E+00
  5.172060E-01 1.100E+00
  5.367240E-01 1.010E+00
  5.569340E-01 9.290E-01
  5.778570E-01 8.550E-01
  5.995150E-01 7.870E-01
  6.219310E-01 7.240E-01
  6.451290E-01 6.660E-01
  6.691320E-01 6.130E-01
  6.939650E-01 5.640E-01
  7.196520E-01 5.190E-01
  7.462210E-01 4.780E-01
  7.736960E-01 4.400E-01
  8.021050E-01 4.050E-01
  8.314760E-01 3.720E-01
  8.618360E-01 3.420E-01
  8.932150E-01 3.150E-01
  9.256420E-01 2.900E-01
  9.591470E-01 2.660E-01
  9.937610E-01 2.450E-01
  1.029520E+00 2.250E-01
  1.066440E+00 2.070E-01
  1.104580E+00 1.900E-01
  1.143950E+00 1.750E-01
  1.184600E+00 1.610E-01
  1.226560E+00 1.480E-01
  1.269860E+00 1.360E-01
  1.314540E+00 1.250E-01
  1.360650E+00 1.150E-01
  1.408210E+00 1.050E-01
  1.457270E+00 9.700E-02
  1.507860E+00 8.910E-02
  1.560040E+00 8.190E-02
  1.613830E+00 7.520E-02
  1.669280E+00 6.910E-02
  1.726440E+00 6.350E-02
  1.785350E+00 5.830E-02
  1.846050E+00 5.360E-02
  1.908590E+00 4.920E-02
  1.973020E+00 4.520E-02
  2.039380E+00 4.150E-02
  2.107720E+00 3.810E-02
  2.178100E+00 3.500E-02
  2.250560E+00 3.210E-02
  2.325160E+00 2.950E-02
  2.401940E+00 2.710E-02
  2.480960E+00 2.480E-02
  2.562270E+00 2.280E-02
  2.645940E+00 2.090E-02
  2.732010E+00 1.920E-02
  2.820550E+00 1.760E-02
  2.911610E+00 1.620E-02
  3.005250E+00 1.490E-02
  3.101530E+00 1.360E-02
  3.200520E+00 1.250E-02
  3.302270E+00 1.150E-02
  3.406860E+00 1.050E-02
  3.514340E+00 9.650E-03
  3.624790E+00 8.860E-03
  3.738260E+00 8.120E-03
  3.854830E+00 7.450E-03
  3.974570E+00 6.830E-03
  4.097550E+00 6.270E-03
  4.223840E+00 5.750E-03
  4.353510E+00 5.270E-03
  4.486640E+00 4.830E-03
  4.623310E+00 4.430E-03
  4.763590E+00 4.060E-03
  4.907560E+00 3.720E-03
  5.055290E+00 3.410E-03
  5.206880E+00 3.130E-03
  5.362400E+00 2.870E-03
  5.521930E+00 2.630E-03
  5.685560E+00 2.410E-03
  5.853380E+00 2.210E-03
  6.025480E+00 2.020E-03
  6.201940E+00 1.850E-03
  6.382850E+00 1.700E-03
  6.568310E+00 1.560E-03
  6.758400E+00 1.430E-03
  6.953230E+00 1.310E-03
  7.152890E+00 1.200E-03
  7.357470E+00 1.100E-03
  7.567090E+00 1.000E-03
  7.781820E+00 9.210E-04
  8.001790E+00 8.430E-04
  8.227090E+00 7.720E-04
  8.285930E+00 7.550E-04
    2    1    1    7
    122    122
  1.421380E-01    0.0050
  1.241380E-01 1.600E+01
  1.421380E-01 1.210E+01
  1.476530E-01 1.110E+01
  1.533820E-01 1.030E+01
  1.593350E-01 9.460E+00
  1.655200E-01 8.720E+00
  1.719440E-01 8.040E+00
  1.786170E-01 7.420E+00
  1.855480E-01 6.840E+00
  1.927470E-01 6.300E+00
  2.002220E-01 5.810E+00
  2.079850E-01 5.360E+00
  2.160460E-01 4.940E+00
  2.244140E-01 4.550E+00
  2.331020E-01 4.200E+00
  2.421210E-01 3.870E+00
  2.514810E-01 3.570E+00
  2.611960E-01 3.290E+00
  2.712780E-01 3.030E+00
  2.817390E-01 2.790E+00
  2.925930E-01 2.570E+00
  3.038540E-01 2.370E+00
  3.155340E-01 2.180E+00
  3.276490E-01 2.010E+00
  3.402140E-01 1.850E+00
  3.532440E-01 1.710E+00
  3.667530E-01 1.570E+00
  3.807590E-01 1.450E+00
  3.952780E-01 1.340E+00
  4.103270E-01 1.230E+00
  4.259230E-01 1.130E+00
  4.420840E-01 1.040E+00
  4.588290E-01 9.600E-01
  4.761760E-01 8.840E-01
  4.941460E-01 8.140E-01
  5.127570E-01 7.500E-01
  5.320310E-01 6.900E-01
  5.519880E-01 6.350E-01
  5.726500E-01 5.850E-01
  5.940390E-01 5.380E-01
  6.161770E-01 4.960E-01
  6.390880E-01 4.560E-01
  6.627950E-01 4.200E-01
  6.873230E-01 3.860E-01
  7.126970E-01 3.550E-01
  7.389420E-01 3.270E-01
  7.660850E-01 3.010E-01
  7.941520E-01 2.770E-01
  8.231700E-01 2.550E-01
  8.531680E-01 2.340E-01
  8.841750E-01 2.150E-01
  9.162200E-01 1.980E-01
  9.493320E-01 1.820E-01
  9.835430E-01 1.680E-01
  1.018880E+00 1.540E-01
  1.055390E+00 1.420E-01
  1.093090E+00 1.300E-01
  1.132010E+00 1.200E-01
  1.172200E+00 1.100E-01
  1.213690E+00 1.010E-01
  1.256520E+00 9.310E-02
  1.300710E+00 8.560E-02
  1.346310E+00 7.860E-02
  1.393360E+00 7.230E-02
  1.441890E+00 6.640E-02
  1.491950E+00 6.100E-02
  1.543570E+00 5.610E-02
  1.596800E+00 5.150E-02
  1.651680E+00 4.730E-02
  1.708250E+00 4.350E-02
  1.766560E+00 3.990E-02
  1.826650E+00 3.670E-02
  1.888560E+00 3.370E-02
  1.952350E+00 3.090E-02
  2.018070E+00 2.840E-02
  2.085750E+00 2.610E-02
  2.155450E+00 2.400E-02
  2.227220E+00 2.200E-02
  2.301110E+00 2.020E-02
  2.377170E+00 1.860E-02
  2.455470E+00 1.700E-02
  2.536040E+00 1.560E-02
  2.618950E+00 1.440E-02
  2.704250E+00 1.320E-02
  2.792000E+00 1.210E-02
  2.882260E+00 1.110E-02
  2.975090E+00 1.020E-02
  3.070540E+00 9.340E-03
  3.168690E+00 8.570E-03
  3.269590E+00 7.870E-03
  3.373300E+00 7.220E-03
  3.479900E+00 6.620E-03
  3.589440E+00 6.070E-03
  3.702000E+00 5.570E-03
  3.817650E+00 5.110E-03
  3.936440E+00 4.690E-03
  4.058460E+00 4.300E-03
  4.183770E+00 3.940E-03
  4.312460E+00 3.610E-03
  4.444580E+00 3.310E-03
  4.580230E+00 3.040E-03
  4.719470E+00 2.790E-03
  4.862380E+00 2.550E-03
  5.009040E+00 2.340E-03
  5.159540E+00 2.150E-03
  5.313960E+00 1.970E-03
  5.472370E+00 1.800E-03
  5.634870E+00 1.650E-03
  5.801540E+00 1.510E-03
  5.972470E+00 1.390E-03
  6.147740E+00 1.270E-03
  6.327450E+00 1.170E-03
  6.511680E+00 1.070E-03
  6.700540E+00 9.790E-04
  6.894110E+00 8.970E-04
  7.092490E+00 8.220E-04
  7.295790E+00 7.530E-04
  7.504090E+00 6.900E-04
  7.717500E+00 6.320E-04
  7.936110E+00 5.790E-04
  8.160050E+00 5.300E-04
  8.242140E+00 5.140E-04
    2    1    1    8
    119    119
  1.121740E-01    0.0050
  9.417361E-02 2.070E+01
  1.121740E-01 1.430E+01
  1.164920E-01 1.320E+01
  1.209800E-01 1.210E+01
  1.256430E-01 1.120E+01
  1.304890E-01 1.030E+01
  1.355240E-01 9.520E+00
  1.407550E-01 8.780E+00
  1.461890E-01 8.100E+00
  1.518350E-01 7.470E+00
  1.577000E-01 6.890E+00
  1.637910E-01 6.350E+00
  1.701190E-01 5.850E+00
  1.766900E-01 5.400E+00
  1.835150E-01 4.980E+00
  1.906020E-01 4.590E+00
  1.979610E-01 4.230E+00
  2.056020E-01 3.900E+00
  2.135340E-01 3.590E+00
  2.217700E-01 3.310E+00
  2.303180E-01 3.050E+00
  2.391910E-01 2.810E+00
  2.483990E-01 2.590E+00
  2.579550E-01 2.390E+00
  2.678710E-01 2.200E+00
  2.781600E-01 2.030E+00
  2.888340E-01 1.870E+00
  2.999060E-01 1.720E+00
  3.113910E-01 1.590E+00
  3.233030E-01 1.460E+00
  3.356560E-01 1.350E+00
  3.484640E-01 1.240E+00
  3.617440E-01 1.140E+00
  3.755120E-01 1.050E+00
  3.897820E-01 9.710E-01
  4.045740E-01 8.940E-01
  4.199020E-01 8.240E-01
  4.357850E-01 7.590E-01
  4.522420E-01 6.980E-01
  4.692910E-01 6.430E-01
  4.869500E-01 5.920E-01
  5.052400E-01 5.450E-01
  5.241810E-01 5.020E-01
  5.437930E-01 4.620E-01
  5.640980E-01 4.250E-01
  5.851170E-01 3.920E-01
  6.068730E-01 3.600E-01
  6.293890E-01 3.320E-01
  6.526870E-01 3.050E-01
  6.767930E-01 2.810E-01
  7.017310E-01 2.590E-01
  7.275250E-01 2.380E-01
  7.542030E-01 2.190E-01
  7.817900E-01 2.010E-01
  8.103140E-01 1.850E-01
  8.398020E-01 1.700E-01
  8.702830E-01 1.570E-01
  9.017870E-01 1.440E-01
  9.343410E-01 1.330E-01
  9.679780E-01 1.220E-01
  1.002730E+00 1.120E-01
  1.038620E+00 1.030E-01
  1.075700E+00 9.490E-02
  1.113980E+00 8.720E-02
  1.153510E+00 8.020E-02
  1.194320E+00 7.370E-02
  1.236450E+00 6.780E-02
  1.279930E+00 6.230E-02
  1.324800E+00 5.730E-02
  1.371090E+00 5.260E-02
  1.418850E+00 4.840E-02
  1.468120E+00 4.440E-02
  1.518940E+00 4.080E-02
  1.571340E+00 3.750E-02
  1.625370E+00 3.450E-02
  1.681070E+00 3.170E-02
  1.738490E+00 2.910E-02
  1.797670E+00 2.670E-02
  1.858660E+00 2.450E-02
  1.921500E+00 2.260E-02
  1.986240E+00 2.070E-02
  2.052930E+00 1.900E-02
  2.121620E+00 1.750E-02
  2.192360E+00 1.600E-02
  2.265200E+00 1.470E-02
  2.340190E+00 1.350E-02
  2.417390E+00 1.240E-02
  2.496850E+00 1.140E-02
  2.578620E+00 1.050E-02
  2.662770E+00 9.600E-03
  2.749350E+00 8.810E-03
  2.838410E+00 8.090E-03
  2.930020E+00 7.420E-03
  3.024240E+00 6.810E-03
  3.121130E+00 6.250E-03
  3.220760E+00 5.740E-03
  3.323180E+00 5.260E-03
  3.428460E+00 4.830E-03
  3.536670E+00 4.430E-03
  3.647880E+00 4.060E-03
  3.762150E+00 3.730E-03
  3.879560E+00 3.420E-03
  4.000170E+00 3.140E-03
  4.124060E+00 2.880E-03
  4.251300E+00 2.640E-03
  4.381970E+00 2.420E-03
  4.516140E+00 2.220E-03
  4.653890E+00 2.030E-03
  4.795300E+00 1.860E-03
  4.940450E+00 1.710E-03
  5.089420E+00 1.570E-03
  5.242290E+00 1.440E-03
  5.399140E+00 1.320E-03
  5.560070E+00 1.210E-03
  5.725160E+00 1.110E-03
  5.894490E+00 1.020E-03
  6.068160E+00 9.300E-04
  6.246260E+00 8.520E-04
  6.412170E+00 7.870E-04
    2    2    0    1
     93     93
  1.001020E+00    0.0050
  9.111100E-01 2.810E+00
  9.290200E-01 2.630E+00
  9.470200E-01 2.460E+00
  9.650200E-01 2.310E+00
  9.830200E-01 2.170E+00
  1.001020E+00 2.040E+00
  1.027110E+00 1.870E+00
  1.053790E+00 1.710E+00
  1.081090E+00 1.560E+00
  1.109010E+00 1.430E+00
  1.137570E+00 1.310E+00
  1.166780E+00 1.200E+00
  1.196640E+00 1.100E+00
  1.227180E+00 1.010E+00
  1.258400E+00 9.190E-01
  1.290330E+00 8.410E-01
  1.322970E+00 7.700E-01
  1.356330E+00 7.050E-01
  1.390440E+00 6.450E-01
  1.425300E+00 5.900E-01
  1.460930E+00 5.400E-01
  1.497340E+00 4.940E-01
  1.534550E+00 4.520E-01
  1.572570E+00 4.140E-01
  1.611430E+00 3.780E-01
  1.651130E+00 3.460E-01
  1.691690E+00 3.170E-01
  1.733120E+00 2.900E-01
  1.775450E+00 2.650E-01
  1.818680E+00 2.430E-01
  1.862850E+00 2.220E-01
  1.907950E+00 2.030E-01
  1.954020E+00 1.860E-01
  2.001060E+00 1.700E-01
  2.049100E+00 1.550E-01
  2.098150E+00 1.420E-01
  2.148230E+00 1.300E-01
  2.199370E+00 1.190E-01
  2.251570E+00 1.090E-01
  2.304860E+00 9.940E-02
  2.359260E+00 9.090E-02
  2.414790E+00 8.310E-02
  2.471470E+00 7.600E-02
  2.529310E+00 6.950E-02
  2.588340E+00 6.350E-02
  2.648590E+00 5.810E-02
  2.710060E+00 5.310E-02
  2.772790E+00 4.860E-02
  2.836800E+00 4.440E-02
  2.902100E+00 4.060E-02
  2.968720E+00 3.710E-02
  3.036680E+00 3.390E-02
  3.106010E+00 3.100E-02
  3.176730E+00 2.840E-02
  3.248860E+00 2.590E-02
  3.322440E+00 2.370E-02
  3.397470E+00 2.170E-02
  3.473990E+00 1.980E-02
  3.552020E+00 1.810E-02
  3.631600E+00 1.660E-02
  3.712730E+00 1.510E-02
  3.795460E+00 1.380E-02
  3.879810E+00 1.260E-02
  3.965800E+00 1.160E-02
  4.053460E+00 1.050E-02
  4.142820E+00 9.640E-03
  4.233920E+00 8.810E-03
  4.326770E+00 8.050E-03
  4.421400E+00 7.360E-03
  4.517860E+00 6.730E-03
  4.616160E+00 6.150E-03
  4.716340E+00 5.620E-03
  4.818420E+00 5.130E-03
  4.922440E+00 4.690E-03
  5.028440E+00 4.280E-03
  5.136430E+00 3.910E-03
  5.246470E+00 3.580E-03
  5.358570E+00 3.270E-03
  5.472770E+00 2.980E-03
  5.589100E+00 2.730E-03
  5.707610E+00 2.490E-03
  5.828320E+00 2.280E-03
  5.951270E+00 2.080E-03
  6.076500E+00 1.900E-03
  6.204040E+00 1.730E-03
  6.333920E+00 1.580E-03
  6.466200E+00 1.450E-03
  6.600890E+00 1.320E-03
  6.738050E+00 1.210E-03
  6.877710E+00 1.100E-03
  7.019900E+00 1.010E-03
  7.164680E+00 9.200E-04
  7.301020E+00 8.460E-04
    2    2    0    2
    106    106
  5.630220E-01    0.0050
  4.731120E-01 6.500E+00
  4.910220E-01 5.880E+00
  5.090220E-01 5.330E+00
  5.270220E-01 4.850E+00
  5.450220E-01 4.420E+00
  5.630220E-01 4.040E+00
  5.808200E-01 3.700E+00
  5.990800E-01 3.400E+00
  6.178100E-01 3.110E+00
  6.370210E-01 2.850E+00
  6.567220E-01 2.610E+00
  6.769240E-01 2.400E+00
  6.976370E-01 2.190E+00
  7.188710E-01 2.010E+00
  7.406370E-01 1.840E+00
  7.629460E-01 1.690E+00
  7.858080E-01 1.550E+00
  8.092360E-01 1.420E+00
  8.332390E-01 1.300E+00
  8.578300E-01 1.190E+00
  8.830200E-01 1.090E+00
  9.088220E-01 9.980E-01
  9.352460E-01 9.140E-01
  9.623060E-01 8.370E-01
  9.900140E-01 7.660E-01
  1.018380E+00 7.020E-01
  1.047430E+00 6.430E-01
  1.077150E+00 5.880E-01
  1.107580E+00 5.390E-01
  1.138720E+00 4.930E-01
  1.170590E+00 4.520E-01
  1.203200E+00 4.140E-01
  1.236560E+00 3.780E-01
  1.270690E+00 3.460E-01
  1.305610E+00 3.170E-01
  1.341320E+00 2.900E-01
  1.377850E+00 2.660E-01
  1.415200E+00 2.430E-01
  1.453400E+00 2.230E-01
  1.492460E+00 2.040E-01
  1.532390E+00 1.870E-01
  1.573210E+00 1.710E-01
  1.614950E+00 1.560E-01
  1.657600E+00 1.430E-01
  1.701200E+00 1.310E-01
  1.745750E+00 1.200E-01
  1.791280E+00 1.090E-01
  1.837810E+00 1.000E-01
  1.885340E+00 9.160E-02
  1.933900E+00 8.380E-02
  1.983510E+00 7.670E-02
  2.034190E+00 7.010E-02
  2.085950E+00 6.410E-02
  2.138820E+00 5.870E-02
  2.192810E+00 5.370E-02
  2.247940E+00 4.910E-02
  2.304240E+00 4.490E-02
  2.361720E+00 4.110E-02
  2.420400E+00 3.750E-02
  2.480310E+00 3.430E-02
  2.541460E+00 3.140E-02
  2.603890E+00 2.870E-02
  2.667600E+00 2.630E-02
  2.732620E+00 2.400E-02
  2.798980E+00 2.200E-02
  2.866700E+00 2.010E-02
  2.935790E+00 1.840E-02
  3.006290E+00 1.680E-02
  3.078210E+00 1.530E-02
  3.151590E+00 1.400E-02
  3.226440E+00 1.280E-02
  3.302790E+00 1.170E-02
  3.380670E+00 1.070E-02
  3.460100E+00 9.790E-03
  3.541100E+00 8.950E-03
  3.623700E+00 8.180E-03
  3.707940E+00 7.480E-03
  3.793830E+00 6.840E-03
  3.881400E+00 6.250E-03
  3.970680E+00 5.710E-03
  4.061700E+00 5.220E-03
  4.154480E+00 4.770E-03
  4.249070E+00 4.360E-03
  4.345470E+00 3.980E-03
  4.443730E+00 3.640E-03
  4.543870E+00 3.320E-03
  4.645920E+00 3.040E-03
  4.749920E+00 2.780E-03
  4.855890E+00 2.540E-03
  4.963870E+00 2.320E-03
  5.073880E+00 2.120E-03
  5.185970E+00 1.940E-03
  5.300160E+00 1.770E-03
  5.416480E+00 1.610E-03
  5.534980E+00 1.480E-03
  5.655670E+00 1.350E-03
  5.778610E+00 1.230E-03
  5.903820E+00 1.120E-03
  6.031330E+00 1.030E-03
  6.161200E+00 9.380E-04
  6.293440E+00 8.570E-04
  6.428090E+00 7.830E-04
  6.565200E+00 7.150E-04
  6.704810E+00 6.530E-04
  6.846940E+00 5.960E-04
  6.863020E+00 5.900E-04
    2    2    0    3
    116    116
  3.602870E-01    0.0050
  2.703770E-01 1.220E+01
  2.882870E-01 1.050E+01
  3.062870E-01 9.040E+00
  3.242870E-01 7.860E+00
  3.422870E-01 6.880E+00
  3.602870E-01 6.060E+00
  3.728180E-01 5.560E+00
  3.857100E-01 5.100E+00
  3.989730E-01 4.680E+00
  4.126130E-01 4.300E+00
  4.266400E-01 3.940E+00
  4.410630E-01 3.620E+00
  4.558900E-01 3.320E+00
  4.711300E-01 3.040E+00
  4.867930E-01 2.790E+00
  5.028870E-01 2.560E+00
  5.194220E-01 2.350E+00
  5.364080E-01 2.150E+00
  5.538540E-01 1.980E+00
  5.717700E-01 1.810E+00
  5.901670E-01 1.660E+00
  6.090550E-01 1.520E+00
  6.284430E-01 1.400E+00
  6.483430E-01 1.280E+00
  6.687650E-01 1.170E+00
  6.897200E-01 1.080E+00
  7.112190E-01 9.860E-01
  7.332740E-01 9.040E-01
  7.558960E-01 8.280E-01
  7.790960E-01 7.590E-01
  8.028860E-01 6.960E-01
  8.272780E-01 6.370E-01
  8.522850E-01 5.840E-01
  8.779180E-01 5.350E-01
  9.041900E-01 4.900E-01
  9.311150E-01 4.490E-01
  9.587040E-01 4.110E-01
  9.869700E-01 3.770E-01
  1.015930E+00 3.450E-01
  1.045590E+00 3.160E-01
  1.075970E+00 2.900E-01
  1.107080E+00 2.650E-01
  1.138940E+00 2.430E-01
  1.171560E+00 2.230E-01
  1.204960E+00 2.040E-01
  1.239140E+00 1.870E-01
  1.274130E+00 1.710E-01
  1.309940E+00 1.560E-01
  1.346580E+00 1.430E-01
  1.384080E+00 1.310E-01
  1.422440E+00 1.200E-01
  1.461690E+00 1.100E-01
  1.501830E+00 1.000E-01
  1.542890E+00 9.200E-02
  1.584880E+00 8.420E-02
  1.627820E+00 7.710E-02
  1.671730E+00 7.060E-02
  1.716620E+00 6.460E-02
  1.762510E+00 5.910E-02
  1.809430E+00 5.410E-02
  1.857380E+00 4.950E-02
  1.906380E+00 4.530E-02
  1.956460E+00 4.140E-02
  2.007640E+00 3.790E-02
  2.059930E+00 3.470E-02
  2.113350E+00 3.170E-02
  2.167930E+00 2.900E-02
  2.223670E+00 2.650E-02
  2.280610E+00 2.430E-02
  2.338770E+00 2.220E-02
  2.398150E+00 2.030E-02
  2.458790E+00 1.860E-02
  2.520710E+00 1.700E-02
  2.583930E+00 1.550E-02
  2.648470E+00 1.420E-02
  2.714350E+00 1.300E-02
  2.781600E+00 1.190E-02
  2.850230E+00 1.090E-02
  2.920280E+00 9.930E-03
  2.991760E+00 9.080E-03
  3.064700E+00 8.300E-03
  3.139120E+00 7.590E-03
  3.215050E+00 6.940E-03
  3.292510E+00 6.340E-03
  3.371520E+00 5.800E-03
  3.452120E+00 5.300E-03
  3.534330E+00 4.850E-03
  3.618170E+00 4.430E-03
  3.703670E+00 4.050E-03
  3.790860E+00 3.700E-03
  3.879760E+00 3.380E-03
  3.970400E+00 3.090E-03
  4.062810E+00 2.820E-03
  4.157020E+00 2.580E-03
  4.253050E+00 2.360E-03
  4.350930E+00 2.160E-03
  4.450700E+00 1.970E-03
  4.552380E+00 1.800E-03
  4.656010E+00 1.640E-03
  4.761600E+00 1.500E-03
  4.869200E+00 1.370E-03
  4.978840E+00 1.250E-03
  5.090530E+00 1.150E-03
  5.204330E+00 1.050E-03
  5.320250E+00 9.560E-04
  5.438340E+00 8.740E-04
  5.558610E+00 7.980E-04
  5.681120E+00 7.290E-04
  5.805890E+00 6.660E-04
  5.932950E+00 6.080E-04
  6.062340E+00 5.560E-04
  6.194100E+00 5.080E-04
  6.328260E+00 4.630E-04
  6.464850E+00 4.230E-04
  6.603910E+00 3.870E-04
  6.660290E+00 3.730E-04
    2    2    0    4
    123    123
  2.501720E-01    0.0050
  1.961720E-01 1.430E+01
  2.141720E-01 1.170E+01
  2.321720E-01 9.690E+00
  2.501720E-01 8.130E+00
  2.593060E-01 7.470E+00
  2.687260E-01 6.870E+00
  2.784400E-01 6.310E+00
  2.884550E-01 5.800E+00
  2.987790E-01 5.320E+00
  3.094190E-01 4.890E+00
  3.203820E-01 4.490E+00
  3.316770E-01 4.120E+00
  3.433120E-01 3.790E+00
  3.552950E-01 3.480E+00
  3.676340E-01 3.190E+00
  3.803370E-01 2.930E+00
  3.934130E-01 2.690E+00
  4.068720E-01 2.470E+00
  4.207210E-01 2.270E+00
  4.349690E-01 2.080E+00
  4.496260E-01 1.910E+00
  4.647020E-01 1.750E+00
  4.802050E-01 1.610E+00
  4.961450E-01 1.480E+00
  5.125320E-01 1.350E+00
  5.293760E-01 1.240E+00
  5.466870E-01 1.140E+00
  5.644750E-01 1.050E+00
  5.827500E-01 9.580E-01
  6.015240E-01 8.790E-01
  6.208070E-01 8.060E-01
  6.406090E-01 7.390E-01
  6.609420E-01 6.780E-01
  6.818180E-01 6.210E-01
  7.032470E-01 5.700E-01
  7.252410E-01 5.220E-01
  7.478120E-01 4.790E-01
  7.709720E-01 4.390E-01
  7.947330E-01 4.020E-01
  8.191070E-01 3.690E-01
  8.441070E-01 3.380E-01
  8.697450E-01 3.100E-01
  8.960350E-01 2.840E-01
  9.229890E-01 2.600E-01
  9.506210E-01 2.380E-01
  9.789440E-01 2.180E-01
  1.007970E+00 2.000E-01
  1.037720E+00 1.830E-01
  1.068200E+00 1.680E-01
  1.099420E+00 1.540E-01
  1.131410E+00 1.410E-01
  1.164170E+00 1.290E-01
  1.197730E+00 1.180E-01
  1.232090E+00 1.080E-01
  1.267270E+00 9.900E-02
  1.303280E+00 9.070E-02
  1.340150E+00 8.300E-02
  1.377890E+00 7.600E-02
  1.416510E+00 6.960E-02
  1.456040E+00 6.370E-02
  1.496480E+00 5.830E-02
  1.537850E+00 5.340E-02
  1.580180E+00 4.890E-02
  1.623470E+00 4.480E-02
  1.667750E+00 4.100E-02
  1.713030E+00 3.750E-02
  1.759340E+00 3.430E-02
  1.806690E+00 3.140E-02
  1.855090E+00 2.870E-02
  1.904570E+00 2.630E-02
  1.955150E+00 2.410E-02
  2.006840E+00 2.200E-02
  2.059660E+00 2.010E-02
  2.113640E+00 1.840E-02
  2.168800E+00 1.680E-02
  2.225150E+00 1.540E-02
  2.282710E+00 1.410E-02
  2.341510E+00 1.290E-02
  2.401560E+00 1.180E-02
  2.462900E+00 1.080E-02
  2.525530E+00 9.870E-03
  2.589490E+00 9.030E-03
  2.654780E+00 8.260E-03
  2.721450E+00 7.550E-03
  2.789500E+00 6.900E-03
  2.858960E+00 6.310E-03
  2.929850E+00 5.770E-03
  3.002210E+00 5.280E-03
  3.076040E+00 4.830E-03
  3.151390E+00 4.410E-03
  3.228260E+00 4.030E-03
  3.306680E+00 3.690E-03
  3.386690E+00 3.370E-03
  3.468300E+00 3.080E-03
  3.551540E+00 2.820E-03
  3.636430E+00 2.580E-03
  3.723010E+00 2.350E-03
  3.811300E+00 2.150E-03
  3.901320E+00 1.970E-03
  3.993110E+00 1.800E-03
  4.086680E+00 1.640E-03
  4.182070E+00 1.500E-03
  4.279310E+00 1.370E-03
  4.378430E+00 1.250E-03
  4.479450E+00 1.150E-03
  4.582400E+00 1.050E-03
  4.687310E+00 9.560E-04
  4.794210E+00 8.730E-04
  4.903130E+00 7.980E-04
  5.014110E+00 7.290E-04
  5.127170E+00 6.660E-04
  5.242340E+00 6.080E-04
  5.359660E+00 5.560E-04
  5.479150E+00 5.080E-04
  5.600860E+00 4.640E-04
  5.724810E+00 4.240E-04
  5.851030E+00 3.870E-04
  5.979560E+00 3.530E-04
  6.110430E+00 3.230E-04
  6.243680E+00 2.950E-04
  6.379340E+00 2.690E-04
  6.517440E+00 2.460E-04
  6.550170E+00 2.410E-04
    2    2    0    5
    129    129
  1.837840E-01    0.0050
  1.477840E-01 1.690E+01
  1.657840E-01 1.300E+01
  1.837840E-01 1.030E+01
  1.906620E-01 9.480E+00
  1.977690E-01 8.720E+00
  2.051110E-01 8.020E+00
  2.126950E-01 7.370E+00
  2.205280E-01 6.780E+00
  2.286160E-01 6.230E+00
  2.369660E-01 5.730E+00
  2.455850E-01 5.270E+00
  2.544790E-01 4.840E+00
  2.636570E-01 4.450E+00
  2.731250E-01 4.090E+00
  2.828910E-01 3.750E+00
  2.929620E-01 3.450E+00
  3.033460E-01 3.170E+00
  3.140510E-01 2.910E+00
  3.250850E-01 2.670E+00
  3.364560E-01 2.460E+00
  3.481720E-01 2.260E+00
  3.602420E-01 2.070E+00
  3.726740E-01 1.900E+00
  3.854770E-01 1.750E+00
  3.986600E-01 1.600E+00
  4.122320E-01 1.470E+00
  4.262010E-01 1.350E+00
  4.405780E-01 1.240E+00
  4.553720E-01 1.140E+00
  4.705910E-01 1.050E+00
  4.862470E-01 9.590E-01
  5.023490E-01 8.800E-01
  5.189070E-01 8.070E-01
  5.359320E-01 7.410E-01
  5.534330E-01 6.790E-01
  5.714210E-01 6.230E-01
  5.899070E-01 5.720E-01
  6.089030E-01 5.250E-01
  6.284180E-01 4.810E-01
  6.484640E-01 4.410E-01
  6.690530E-01 4.050E-01
  6.901970E-01 3.710E-01
  7.119060E-01 3.400E-01
  7.341930E-01 3.120E-01
  7.570710E-01 2.860E-01
  7.805500E-01 2.620E-01
  8.046450E-01 2.400E-01
  8.293660E-01 2.200E-01
  8.547280E-01 2.020E-01
  8.807440E-01 1.850E-01
  9.074260E-01 1.700E-01
  9.347870E-01 1.550E-01
  9.628430E-01 1.420E-01
  9.916050E-01 1.310E-01
  1.021090E+00 1.190E-01
  1.051310E+00 1.090E-01
  1.082280E+00 1.000E-01
  1.114010E+00 9.190E-02
  1.146520E+00 8.420E-02
  1.179830E+00 7.710E-02
  1.213950E+00 7.060E-02
  1.248890E+00 6.470E-02
  1.284670E+00 5.920E-02
  1.321310E+00 5.420E-02
  1.358820E+00 4.970E-02
  1.397220E+00 4.550E-02
  1.436520E+00 4.170E-02
  1.476740E+00 3.810E-02
  1.517910E+00 3.490E-02
  1.560030E+00 3.200E-02
  1.603120E+00 2.920E-02
  1.647200E+00 2.680E-02
  1.692290E+00 2.450E-02
  1.738410E+00 2.240E-02
  1.785570E+00 2.050E-02
  1.833800E+00 1.880E-02
  1.883100E+00 1.720E-02
  1.933510E+00 1.570E-02
  1.985040E+00 1.440E-02
  2.037710E+00 1.320E-02
  2.091530E+00 1.200E-02
  2.146540E+00 1.100E-02
  2.202740E+00 1.010E-02
  2.260170E+00 9.230E-03
  2.318830E+00 8.440E-03
  2.378760E+00 7.720E-03
  2.439970E+00 7.060E-03
  2.502480E+00 6.460E-03
  2.566320E+00 5.910E-03
  2.631500E+00 5.400E-03
  2.698060E+00 4.940E-03
  2.766010E+00 4.520E-03
  2.835370E+00 4.130E-03
  2.906170E+00 3.780E-03
  2.978440E+00 3.450E-03
  3.052190E+00 3.160E-03
  3.127450E+00 2.890E-03
  3.204240E+00 2.640E-03
  3.282590E+00 2.410E-03
  3.362520E+00 2.210E-03
  3.444060E+00 2.020E-03
  3.527240E+00 1.840E-03
  3.612070E+00 1.690E-03
  3.698580E+00 1.540E-03
  3.786810E+00 1.410E-03
  3.876770E+00 1.290E-03
  3.968500E+00 1.180E-03
  4.062020E+00 1.080E-03
  4.157350E+00 9.820E-04
  4.254540E+00 8.980E-04
  4.353590E+00 8.200E-04
  4.454550E+00 7.500E-04
  4.557440E+00 6.850E-04
  4.662300E+00 6.260E-04
  4.769140E+00 5.720E-04
  4.878000E+00 5.220E-04
  4.988900E+00 4.770E-04
  5.101890E+00 4.360E-04
  5.216990E+00 3.980E-04
  5.334230E+00 3.640E-04
  5.453640E+00 3.320E-04
  5.575260E+00 3.040E-04
  5.699110E+00 2.770E-04
  5.825230E+00 2.530E-04
  5.953650E+00 2.310E-04
  6.084400E+00 2.110E-04
  6.217520E+00 1.930E-04
  6.353040E+00 1.760E-04
  6.483780E+00 1.620E-04
    2    2    0    6
    135    135
  1.407000E-01    0.0050
  1.227000E-01 1.710E+01
  1.407000E-01 1.260E+01
  1.460260E-01 1.160E+01
  1.515370E-01 1.070E+01
  1.572390E-01 9.810E+00
  1.631370E-01 9.030E+00
  1.692380E-01 8.310E+00
  1.755460E-01 7.640E+00
  1.820690E-01 7.030E+00
  1.888120E-01 6.470E+00
  1.957810E-01 5.950E+00
  2.029820E-01 5.470E+00
  2.104230E-01 5.030E+00
  2.181090E-01 4.620E+00
  2.260480E-01 4.250E+00
  2.342460E-01 3.910E+00
  2.427100E-01 3.590E+00
  2.514470E-01 3.300E+00
  2.604640E-01 3.030E+00
  2.697700E-01 2.790E+00
  2.793710E-01 2.560E+00
  2.892750E-01 2.350E+00
  2.994890E-01 2.160E+00
  3.100220E-01 1.990E+00
  3.208820E-01 1.830E+00
  3.320770E-01 1.680E+00
  3.436150E-01 1.540E+00
  3.555060E-01 1.420E+00
  3.677560E-01 1.300E+00
  3.803760E-01 1.190E+00
  3.933740E-01 1.100E+00
  4.067600E-01 1.010E+00
  4.205420E-01 9.240E-01
  4.347290E-01 8.480E-01
  4.493330E-01 7.790E-01
  4.643610E-01 7.150E-01
  4.798250E-01 6.560E-01
  4.957340E-01 6.020E-01
  5.120980E-01 5.530E-01
  5.289280E-01 5.070E-01
  5.462340E-01 4.650E-01
  5.640270E-01 4.270E-01
  5.823180E-01 3.920E-01
  6.011180E-01 3.590E-01
  6.204370E-01 3.300E-01
  6.402880E-01 3.020E-01
  6.606810E-01 2.770E-01
  6.816290E-01 2.540E-01
  7.031430E-01 2.330E-01
  7.252350E-01 2.140E-01
  7.479180E-01 1.960E-01
  7.712050E-01 1.800E-01
  7.951060E-01 1.650E-01
  8.196370E-01 1.510E-01
  8.448080E-01 1.380E-01
  8.706340E-01 1.270E-01
  8.971270E-01 1.160E-01
  9.243020E-01 1.070E-01
  9.521720E-01 9.770E-02
  9.807510E-01 8.950E-02
  1.010050E+00 8.200E-02
  1.040090E+00 7.520E-02
  1.070880E+00 6.890E-02
  1.102440E+00 6.310E-02
  1.134780E+00 5.780E-02
  1.167910E+00 5.290E-02
  1.201860E+00 4.850E-02
  1.236630E+00 4.440E-02
  1.272240E+00 4.070E-02
  1.308720E+00 3.730E-02
  1.346070E+00 3.410E-02
  1.384310E+00 3.120E-02
  1.423450E+00 2.860E-02
  1.463530E+00 2.620E-02
  1.504540E+00 2.400E-02
  1.546510E+00 2.190E-02
  1.589460E+00 2.010E-02
  1.633400E+00 1.840E-02
  1.678350E+00 1.680E-02
  1.724330E+00 1.540E-02
  1.771360E+00 1.410E-02
  1.819450E+00 1.290E-02
  1.868630E+00 1.180E-02
  1.918910E+00 1.080E-02
  1.970320E+00 9.890E-03
  2.022870E+00 9.050E-03
  2.076580E+00 8.280E-03
  2.131470E+00 7.580E-03
  2.187570E+00 6.930E-03
  2.244880E+00 6.340E-03
  2.303440E+00 5.800E-03
  2.363270E+00 5.310E-03
  2.424380E+00 4.860E-03
  2.486800E+00 4.440E-03
  2.550540E+00 4.060E-03
  2.615640E+00 3.720E-03
  2.682110E+00 3.400E-03
  2.749970E+00 3.110E-03
  2.819250E+00 2.840E-03
  2.889970E+00 2.600E-03
  2.962160E+00 2.380E-03
  3.035830E+00 2.170E-03
  3.111010E+00 1.990E-03
  3.187730E+00 1.820E-03
  3.266010E+00 1.660E-03
  3.345870E+00 1.520E-03
  3.427340E+00 1.390E-03
  3.510440E+00 1.270E-03
  3.595210E+00 1.160E-03
  3.681660E+00 1.060E-03
  3.769820E+00 9.680E-04
  3.859710E+00 8.850E-04
  3.951370E+00 8.090E-04
  4.044830E+00 7.390E-04
  4.140090E+00 6.750E-04
  4.237210E+00 6.170E-04
  4.336200E+00 5.640E-04
  4.437090E+00 5.150E-04
  4.539900E+00 4.710E-04
  4.644680E+00 4.300E-04
  4.751440E+00 3.930E-04
  4.860220E+00 3.590E-04
  4.971050E+00 3.280E-04
  5.083950E+00 3.000E-04
  5.198960E+00 2.740E-04
  5.316100E+00 2.500E-04
  5.435420E+00 2.280E-04
  5.556920E+00 2.090E-04
  5.680670E+00 1.910E-04
  5.806670E+00 1.740E-04
  5.934970E+00 1.590E-04
  6.065590E+00 1.450E-04
  6.198570E+00 1.330E-04
  6.333950E+00 1.210E-04
  6.440700E+00 1.130E-04
    2    2    0    7
    141    141
  1.111640E-01    0.0050
  9.316438E-02 2.220E+01
  1.111640E-01 1.500E+01
  1.153900E-01 1.380E+01
  1.197670E-01 1.270E+01
  1.243000E-01 1.170E+01
  1.289950E-01 1.080E+01
  1.338570E-01 9.910E+00
  1.388890E-01 9.130E+00
  1.440990E-01 8.400E+00
  1.494910E-01 7.730E+00
  1.550700E-01 7.110E+00
  1.608420E-01 6.550E+00
  1.668130E-01 6.020E+00
  1.729880E-01 5.540E+00
  1.793740E-01 5.100E+00
  1.859760E-01 4.690E+00
  1.928010E-01 4.310E+00
  1.998550E-01 3.970E+00
  2.071440E-01 3.650E+00
  2.146760E-01 3.350E+00
  2.224560E-01 3.090E+00
  2.304920E-01 2.840E+00
  2.387900E-01 2.610E+00
  2.473580E-01 2.400E+00
  2.562030E-01 2.200E+00
  2.653320E-01 2.020E+00
  2.747520E-01 1.860E+00
  2.844730E-01 1.710E+00
  2.945000E-01 1.570E+00
  3.048430E-01 1.440E+00
  3.155090E-01 1.330E+00
  3.265060E-01 1.220E+00
  3.378430E-01 1.120E+00
  3.495290E-01 1.030E+00
  3.615720E-01 9.450E-01
  3.739800E-01 8.680E-01
  3.867640E-01 7.970E-01
  3.999310E-01 7.320E-01
  4.134910E-01 6.720E-01
  4.274550E-01 6.170E-01
  4.418300E-01 5.660E-01
  4.566270E-01 5.200E-01
  4.718570E-01 4.770E-01
  4.875280E-01 4.380E-01
  5.036520E-01 4.020E-01
  5.202380E-01 3.690E-01
  5.372970E-01 3.390E-01
  5.548400E-01 3.110E-01
  5.728780E-01 2.850E-01
  5.914210E-01 2.620E-01
  6.104810E-01 2.400E-01
  6.300700E-01 2.200E-01
  6.501990E-01 2.020E-01
  6.708790E-01 1.850E-01
  6.921230E-01 1.700E-01
  7.139420E-01 1.560E-01
  7.363490E-01 1.430E-01
  7.593560E-01 1.310E-01
  7.829770E-01 1.200E-01
  8.072230E-01 1.100E-01
  8.321080E-01 1.010E-01
  8.576440E-01 9.250E-02
  8.838460E-01 8.480E-02
  9.107260E-01 7.770E-02
  9.382990E-01 7.120E-02
  9.665780E-01 6.530E-02
  9.955780E-01 5.980E-02
  1.025310E+00 5.480E-02
  1.055800E+00 5.020E-02
  1.087040E+00 4.600E-02
  1.119070E+00 4.210E-02
  1.151890E+00 3.860E-02
  1.185520E+00 3.540E-02
  1.219970E+00 3.240E-02
  1.255270E+00 2.970E-02
  1.291420E+00 2.720E-02
  1.328440E+00 2.490E-02
  1.366350E+00 2.280E-02
  1.405170E+00 2.090E-02
  1.444900E+00 1.910E-02
  1.485580E+00 1.750E-02
  1.527210E+00 1.600E-02
  1.569820E+00 1.470E-02
  1.613420E+00 1.340E-02
  1.658020E+00 1.230E-02
  1.703650E+00 1.130E-02
  1.750330E+00 1.030E-02
  1.798070E+00 9.420E-03
  1.846890E+00 8.630E-03
  1.896820E+00 7.890E-03
  1.947860E+00 7.220E-03
  2.000040E+00 6.610E-03
  2.053390E+00 6.050E-03
  2.107910E+00 5.530E-03
  2.163630E+00 5.060E-03
  2.220570E+00 4.630E-03
  2.278750E+00 4.240E-03
  2.338190E+00 3.880E-03
  2.398920E+00 3.550E-03
  2.460940E+00 3.240E-03
  2.524290E+00 2.970E-03
  2.588990E+00 2.710E-03
  2.655060E+00 2.480E-03
  2.722520E+00 2.270E-03
  2.791390E+00 2.070E-03
  2.861700E+00 1.900E-03
  2.933460E+00 1.730E-03
  3.006710E+00 1.590E-03
  3.081470E+00 1.450E-03
  3.157760E+00 1.330E-03
  3.235600E+00 1.210E-03
  3.315020E+00 1.110E-03
  3.396040E+00 1.010E-03
  3.478690E+00 9.260E-04
  3.563000E+00 8.470E-04
  3.648980E+00 7.740E-04
  3.736680E+00 7.070E-04
  3.826100E+00 6.470E-04
  3.917280E+00 5.910E-04
  4.010240E+00 5.400E-04
  4.105010E+00 4.930E-04
  4.201620E+00 4.510E-04
  4.300100E+00 4.120E-04
  4.400470E+00 3.770E-04
  4.502760E+00 3.440E-04
  4.607000E+00 3.140E-04
  4.713230E+00 2.870E-04
  4.821450E+00 2.620E-04
  4.931720E+00 2.400E-04
  5.044050E+00 2.190E-04
  5.158480E+00 2.000E-04
  5.275030E+00 1.830E-04
  5.393740E+00 1.670E-04
  5.514640E+00 1.520E-04
  5.637760E+00 1.390E-04
  5.763130E+00 1.270E-04
  5.890780E+00 1.160E-04
  6.020740E+00 1.060E-04
  6.153060E+00 9.690E-05
  6.287750E+00 8.850E-05
  6.411160E+00 8.150E-05
    0    0    0    0
