   12   11    P
    2    0    0    1
     31     31
  1.092340E+00     .0000
  1.052343E+00 1.859E-01
  1.060343E+00 1.882E-01
  1.068343E+00 1.905E-01
  1.076343E+00 1.926E-01
  1.084343E+00 1.947E-01
  1.092343E+00 1.967E-01
  1.132343E+00 2.056E-01
  1.172343E+00 2.129E-01
  1.212343E+00 2.187E-01
  1.252343E+00 2.233E-01
  1.292343E+00 2.268E-01
  1.332343E+00 2.293E-01
  1.372343E+00 2.311E-01
  1.412343E+00 2.323E-01
  1.452343E+00 2.328E-01
  1.492343E+00 2.329E-01
  1.532343E+00 2.325E-01
  1.572343E+00 2.318E-01
  1.612343E+00 2.309E-01
  1.652343E+00 2.296E-01
  1.692343E+00 2.282E-01
  1.732343E+00 2.265E-01
  1.772343E+00 2.248E-01
  1.812343E+00 2.229E-01
  1.852343E+00 2.208E-01
  1.892343E+00 2.187E-01
  2.092343E+00 2.072E-01
  2.292343E+00 1.948E-01
  2.492343E+00 1.821E-01
  2.692343E+00 1.694E-01
  2.892343E+00 1.572E-01
    2    0    0    2
     32     32
  4.656010E-01     .0000
  4.256012E-01 1.188E-01
  4.336011E-01 1.255E-01
  4.416011E-01 1.318E-01
  4.496011E-01 1.377E-01
  4.576011E-01 1.433E-01
  4.656011E-01 1.485E-01
  5.056011E-01 1.696E-01
  5.456011E-01 1.837E-01
  5.856011E-01 1.924E-01
  6.256011E-01 1.971E-01
  6.656011E-01 1.988E-01
  7.056011E-01 1.983E-01
  7.456011E-01 1.963E-01
  7.856011E-01 1.932E-01
  8.256011E-01 1.893E-01
  8.656011E-01 1.849E-01
  9.056011E-01 1.802E-01
  9.456011E-01 1.753E-01
  9.856011E-01 1.704E-01
  1.025601E+00 1.654E-01
  1.065601E+00 1.605E-01
  1.105601E+00 1.557E-01
  1.145601E+00 1.510E-01
  1.185601E+00 1.464E-01
  1.225601E+00 1.420E-01
  1.265601E+00 1.378E-01
  1.465601E+00 1.187E-01
  1.665601E+00 1.032E-01
  1.865601E+00 9.063E-02
  2.065601E+00 8.028E-02
  2.265601E+00 7.170E-02
  2.465601E+00 6.454E-02
    2    0    0    3
     31     31
  2.582330E-01     .0000
  2.182332E-01 5.543E-02
  2.262331E-01 6.803E-02
  2.342331E-01 8.001E-02
  2.422331E-01 9.121E-02
  2.502331E-01 1.015E-01
  2.582331E-01 1.110E-01
  2.982331E-01 1.456E-01
  3.382331E-01 1.636E-01
  3.782331E-01 1.710E-01
  4.182331E-01 1.719E-01
  4.582331E-01 1.690E-01
  4.982331E-01 1.640E-01
  5.382331E-01 1.578E-01
  5.782331E-01 1.512E-01
  6.182331E-01 1.443E-01
  6.582331E-01 1.376E-01
  6.982331E-01 1.310E-01
  7.382331E-01 1.247E-01
  7.782331E-01 1.187E-01
  8.182331E-01 1.131E-01
  8.582331E-01 1.078E-01
  8.982331E-01 1.028E-01
  9.382331E-01 9.810E-02
  9.782331E-01 9.370E-02
  1.018233E+00 8.957E-02
  1.058233E+00 8.569E-02
  1.258233E+00 6.957E-02
  1.458233E+00 5.768E-02
  1.658233E+00 4.879E-02
  1.858233E+00 4.207E-02
  2.058233E+00 3.693E-02
    2    0    0    4
     32     32
  1.640390E-01     .0000
  1.240391E-01 4.909E-03
  1.320391E-01 1.752E-02
  1.400391E-01 3.322E-02
  1.480391E-01 4.951E-02
  1.560391E-01 6.509E-02
  1.640391E-01 7.933E-02
  2.040391E-01 1.270E-01
  2.440391E-01 1.453E-01
  2.840391E-01 1.483E-01
  3.240391E-01 1.442E-01
  3.640391E-01 1.371E-01
  4.040391E-01 1.288E-01
  4.440391E-01 1.204E-01
  4.840391E-01 1.124E-01
  5.240391E-01 1.048E-01
  5.640391E-01 9.784E-02
  6.040391E-01 9.145E-02
  6.440391E-01 8.562E-02
  6.840391E-01 8.029E-02
  7.240391E-01 7.544E-02
  7.640391E-01 7.100E-02
  8.040391E-01 6.694E-02
  8.440391E-01 6.322E-02
  8.840391E-01 5.981E-02
  9.240391E-01 5.667E-02
  9.640391E-01 5.378E-02
  1.164039E+00 4.223E-02
  1.364039E+00 3.416E-02
  1.564039E+00 2.835E-02
  1.764039E+00 2.407E-02
  1.964039E+00 2.087E-02
  2.164039E+00 1.844E-02
    2    0    0    5
     31     31
  1.133910E-01     .0000
  8.504319E-02 2.511E-02
  8.939117E-02 2.159E-03
  9.739113E-02 1.601E-02
  1.053912E-01 3.456E-02
  1.133912E-01 5.311E-02
  1.533912E-01 1.122E-01
  1.933912E-01 1.281E-01
  2.333912E-01 1.261E-01
  2.733912E-01 1.181E-01
  3.133912E-01 1.086E-01
  3.533912E-01 9.914E-02
  3.933912E-01 9.044E-02
  4.333912E-01 8.262E-02
  4.733912E-01 7.567E-02
  5.133912E-01 6.953E-02
  5.533912E-01 6.410E-02
  5.933912E-01 5.928E-02
  6.333912E-01 5.500E-02
  6.733912E-01 5.118E-02
  7.133912E-01 4.776E-02
  7.533912E-01 4.468E-02
  7.933912E-01 4.191E-02
  8.333912E-01 3.939E-02
  8.733912E-01 3.711E-02
  9.133912E-01 3.503E-02
  1.113391E+00 2.695E-02
  1.313391E+00 2.148E-02
  1.513391E+00 1.763E-02
  1.713391E+00 1.483E-02
  1.913391E+00 1.276E-02
  2.113391E+00 1.120E-02
    2    0    0    6
     30     30
  8.304620E-02     .0000
  6.228465E-02 1.372E-02
  6.704617E-02 2.819E-05
  7.504618E-02 1.182E-02
  8.304614E-02 3.213E-02
  1.230462E-01 9.985E-02
  1.630462E-01 1.117E-01
  2.030462E-01 1.056E-01
  2.430462E-01 9.546E-02
  2.830462E-01 8.521E-02
  3.230462E-01 7.597E-02
  3.630462E-01 6.796E-02
  4.030462E-01 6.108E-02
  4.430462E-01 5.519E-02
  4.830462E-01 5.012E-02
  5.230462E-01 4.574E-02
  5.630462E-01 4.194E-02
  6.030462E-01 3.861E-02
  6.430462E-01 3.569E-02
  6.830462E-01 3.311E-02
  7.230462E-01 3.081E-02
  7.630462E-01 2.876E-02
  8.030462E-01 2.692E-02
  8.430462E-01 2.526E-02
  8.830462E-01 2.376E-02
  1.083046E+00 1.803E-02
  1.283046E+00 1.424E-02
  1.483046E+00 1.160E-02
  1.683046E+00 9.703E-03
  1.883046E+00 8.307E-03
  2.083046E+00 7.257E-03
    2    0    0    7
     28     28
  6.343699E-02     .0000
  4.757774E-02 2.614E-02
  5.543704E-02 4.473E-04
  6.343704E-02 1.639E-02
  1.034370E-01 8.909E-02
  1.434370E-01 9.651E-02
  1.834370E-01 8.770E-02
  2.234370E-01 7.678E-02
  2.634370E-01 6.688E-02
  3.034370E-01 5.850E-02
  3.434370E-01 5.154E-02
  3.834370E-01 4.575E-02
  4.234370E-01 4.092E-02
  4.634370E-01 3.684E-02
  5.034370E-01 3.338E-02
  5.434370E-01 3.041E-02
  5.834370E-01 2.784E-02
  6.234370E-01 2.561E-02
  6.634370E-01 2.366E-02
  7.034370E-01 2.193E-02
  7.434370E-01 2.041E-02
  7.834370E-01 1.904E-02
  8.234370E-01 1.782E-02
  8.634370E-01 1.672E-02
  1.063437E+00 1.257E-02
  1.263437E+00 9.861E-03
  1.463437E+00 7.996E-03
  1.663437E+00 6.663E-03
  1.863437E+00 5.685E-03
    2    0    0    8
     28     28
  5.003600E-02     .0000
  3.752700E-02 1.099E-01
  4.203597E-02 6.418E-03
  5.003597E-02 5.902E-03
  9.003597E-02 7.955E-02
  1.300360E-01 8.289E-02
  1.700360E-01 7.256E-02
  2.100360E-01 6.183E-02
  2.500360E-01 5.279E-02
  2.900360E-01 4.549E-02
  3.300360E-01 3.960E-02
  3.700360E-01 3.482E-02
  4.100360E-01 3.090E-02
  4.500360E-01 2.764E-02
  4.900360E-01 2.491E-02
  5.300360E-01 2.258E-02
  5.700360E-01 2.060E-02
  6.100360E-01 1.888E-02
  6.500360E-01 1.739E-02
  6.900360E-01 1.607E-02
  7.300360E-01 1.492E-02
  7.700360E-01 1.389E-02
  8.100360E-01 1.298E-02
  8.500360E-01 1.215E-02
  1.050036E+00 9.073E-03
  1.250036E+00 7.086E-03
  1.450036E+00 5.727E-03
  1.650036E+00 4.760E-03
  1.850036E+00 4.051E-03
    2    0    0    9
     28     28
  4.047360E-02     .0000
  3.035520E-02 2.821E-01
  3.247365E-02 4.001E-02
  4.047365E-02 6.636E-04
  8.047366E-02 7.101E-02
  1.204736E-01 7.095E-02
  1.604736E-01 6.007E-02
  2.004736E-01 5.003E-02
  2.404736E-01 4.203E-02
  2.804736E-01 3.578E-02
  3.204736E-01 3.086E-02
  3.604736E-01 2.694E-02
  4.004736E-01 2.376E-02
  4.404736E-01 2.115E-02
  4.804736E-01 1.898E-02
  5.204736E-01 1.715E-02
  5.604736E-01 1.559E-02
  6.004736E-01 1.426E-02
  6.404736E-01 1.310E-02
  6.804736E-01 1.209E-02
  7.204736E-01 1.120E-02
  7.604736E-01 1.041E-02
  8.004736E-01 9.707E-03
  8.404736E-01 9.081E-03
  1.040474E+00 6.746E-03
  1.240474E+00 5.251E-03
  1.440474E+00 4.234E-03
  1.640474E+00 3.512E-03
  1.840474E+00 2.984E-03
    2    1    1    1
     32     32
  7.710210E-01     .0000
  7.310211E-01 5.789E-01
  7.390211E-01 5.548E-01
  7.470211E-01 5.325E-01
  7.550211E-01 5.118E-01
  7.630211E-01 4.927E-01
  7.710211E-01 4.750E-01
  8.110211E-01 4.044E-01
  8.510211E-01 3.565E-01
  8.910211E-01 3.241E-01
  9.310211E-01 3.023E-01
  9.710211E-01 2.880E-01
  1.011021E+00 2.788E-01
  1.051021E+00 2.732E-01
  1.091021E+00 2.700E-01
  1.131021E+00 2.686E-01
  1.171021E+00 2.682E-01
  1.211021E+00 2.686E-01
  1.251021E+00 2.695E-01
  1.291021E+00 2.706E-01
  1.331021E+00 2.718E-01
  1.371021E+00 2.730E-01
  1.411021E+00 2.742E-01
  1.451021E+00 2.752E-01
  1.491021E+00 2.760E-01
  1.531021E+00 2.766E-01
  1.571021E+00 2.770E-01
  1.771021E+00 2.749E-01
  1.971021E+00 2.663E-01
  2.171021E+00 2.523E-01
  2.371021E+00 2.347E-01
  2.571021E+00 2.153E-01
  2.771021E+00 1.957E-01
    2    1    1    2
     31     31
  3.673630E-01     .0000
  3.273627E-01 2.272E+00
  3.353626E-01 2.077E+00
  3.433626E-01 1.904E+00
  3.513626E-01 1.748E+00
  3.593626E-01 1.609E+00
  3.673626E-01 1.484E+00
  4.073626E-01 1.020E+00
  4.473626E-01 7.347E-01
  4.873626E-01 5.541E-01
  5.273626E-01 4.364E-01
  5.673626E-01 3.578E-01
  6.073626E-01 3.042E-01
  6.473626E-01 2.669E-01
  6.873626E-01 2.405E-01
  7.273626E-01 2.214E-01
  7.673626E-01 2.073E-01
  8.073626E-01 1.967E-01
  8.473626E-01 1.886E-01
  8.873626E-01 1.822E-01
  9.273626E-01 1.770E-01
  9.673626E-01 1.727E-01
  1.007363E+00 1.690E-01
  1.047363E+00 1.658E-01
  1.087363E+00 1.628E-01
  1.127363E+00 1.601E-01
  1.167363E+00 1.575E-01
  1.367363E+00 1.455E-01
  1.567363E+00 1.335E-01
  1.767363E+00 1.213E-01
  1.967363E+00 1.092E-01
  2.167363E+00 9.782E-02
    2    1    1    3
     31     31
  2.157150E-01     .0000
  1.757146E-01 5.992E+00
  1.837146E-01 5.193E+00
  1.917146E-01 4.524E+00
  1.997146E-01 3.962E+00
  2.077146E-01 3.486E+00
  2.157146E-01 3.081E+00
  2.557146E-01 1.761E+00
  2.957146E-01 1.092E+00
  3.357146E-01 7.247E-01
  3.757146E-01 5.100E-01
  4.157146E-01 3.782E-01
  4.557146E-01 2.940E-01
  4.957146E-01 2.383E-01
  5.357146E-01 2.003E-01
  5.757146E-01 1.736E-01
  6.157146E-01 1.544E-01
  6.557146E-01 1.402E-01
  6.957146E-01 1.295E-01
  7.357146E-01 1.211E-01
  7.757146E-01 1.145E-01
  8.157146E-01 1.091E-01
  8.557146E-01 1.046E-01
  8.957146E-01 1.008E-01
  9.357146E-01 9.741E-02
  9.757146E-01 9.443E-02
  1.015715E+00 9.173E-02
  1.215715E+00 8.063E-02
  1.415715E+00 7.142E-02
  1.615715E+00 6.319E-02
  1.815715E+00 5.583E-02
  2.015715E+00 4.937E-02
    2    1    1    4
     32     32
  1.419040E-01     .0000
  1.064280E-01 1.515E+02
  1.099040E-01 1.094E+01
  1.179040E-01 8.886E+00
  1.259040E-01 7.308E+00
  1.339040E-01 6.075E+00
  1.419040E-01 5.100E+00
  1.819040E-01 2.387E+00
  2.219040E-01 1.288E+00
  2.619040E-01 7.693E-01
  3.019040E-01 4.980E-01
  3.419040E-01 3.446E-01
  3.819040E-01 2.524E-01
  4.219040E-01 1.944E-01
  4.619040E-01 1.563E-01
  5.019040E-01 1.303E-01
  5.419040E-01 1.121E-01
  5.819040E-01 9.892E-02
  6.219040E-01 8.913E-02
  6.619040E-01 8.165E-02
  7.019040E-01 7.580E-02
  7.419040E-01 7.112E-02
  7.819040E-01 6.727E-02
  8.219040E-01 6.405E-02
  8.619040E-01 6.129E-02
  9.019040E-01 5.888E-02
  9.419040E-01 5.673E-02
  1.141904E+00 4.838E-02
  1.341904E+00 4.200E-02
  1.541904E+00 3.662E-02
  1.741904E+00 3.201E-02
  1.941904E+00 2.809E-02
  2.141904E+00 2.482E-02
    2    1    1    5
     30     30
  1.004310E-01     .0000
  7.532322E-02 1.560E+02
  7.643062E-02 1.624E+01
  8.443058E-02 1.227E+01
  9.243059E-02 9.489E+00
  1.004306E-01 7.485E+00
  1.404306E-01 2.821E+00
  1.804306E-01 1.336E+00
  2.204306E-01 7.304E-01
  2.604306E-01 4.429E-01
  3.004306E-01 2.912E-01
  3.404306E-01 2.046E-01
  3.804306E-01 1.521E-01
  4.204306E-01 1.187E-01
  4.604306E-01 9.651E-02
  5.004306E-01 8.122E-02
  5.404306E-01 7.033E-02
  5.804306E-01 6.235E-02
  6.204306E-01 5.634E-02
  6.604306E-01 5.169E-02
  7.004306E-01 4.800E-02
  7.404306E-01 4.500E-02
  7.804306E-01 4.252E-02
  8.204306E-01 4.041E-02
  8.604306E-01 3.859E-02
  9.004306E-01 3.699E-02
  1.100431E+00 3.095E-02
  1.300431E+00 2.654E-02
  1.500431E+00 2.294E-02
  1.700431E+00 1.992E-02
  1.900431E+00 1.740E-02
    2    1    1    6
     29     29
  7.481360E-02     .0000
  5.611020E-02 1.483E+02
  5.881359E-02 1.973E+01
  6.681359E-02 1.393E+01
  7.481360E-02 1.020E+01
  1.148136E-01 3.058E+00
  1.548136E-01 1.285E+00
  1.948136E-01 6.527E-01
  2.348136E-01 3.759E-01
  2.748136E-01 2.378E-01
  3.148136E-01 1.621E-01
  3.548136E-01 1.176E-01
  3.948136E-01 8.989E-02
  4.348136E-01 7.180E-02
  4.748136E-01 5.952E-02
  5.148136E-01 5.088E-02
  5.548136E-01 4.462E-02
  5.948136E-01 3.994E-02
  6.348136E-01 3.635E-02
  6.748136E-01 3.352E-02
  7.148136E-01 3.124E-02
  7.548136E-01 2.936E-02
  7.948136E-01 2.778E-02
  8.348136E-01 2.643E-02
  8.748136E-01 2.524E-02
  1.074814E+00 2.085E-02
  1.274814E+00 1.773E-02
  1.474814E+00 1.524E-02
  1.674814E+00 1.317E-02
  1.874814E+00 1.147E-02
    2    1    1    7
     29     29
  5.788530E-02     .0000
  4.341397E-02 1.323E+02
  4.988527E-02 1.971E+01
  5.788527E-02 1.323E+01
  9.788525E-02 3.131E+00
  1.378853E-01 1.182E+00
  1.778853E-01 5.645E-01
  2.178853E-01 3.122E-01
  2.578853E-01 1.918E-01
  2.978853E-01 1.279E-01
  3.378853E-01 9.107E-02
  3.778853E-01 6.857E-02
  4.178853E-01 5.409E-02
  4.578853E-01 4.436E-02
  4.978853E-01 3.759E-02
  5.378853E-01 3.270E-02
  5.778853E-01 2.908E-02
  6.178853E-01 2.631E-02
  6.578853E-01 2.415E-02
  6.978853E-01 2.241E-02
  7.378853E-01 2.099E-02
  7.778853E-01 1.980E-02
  8.178853E-01 1.878E-02
  8.578853E-01 1.789E-02
  1.057885E+00 1.465E-02
  1.257885E+00 1.239E-02
  1.457885E+00 1.060E-02
  1.657885E+00 9.142E-03
  1.857885E+00 7.943E-03
  2.057885E+00 6.965E-03
    2    1    1    8
     29     29
  4.611640E-02     .0000
  3.458730E-02 1.402E+02
  3.811641E-02 2.729E+01
  4.611641E-02 1.655E+01
  8.611643E-02 3.080E+00
  1.261164E-01 1.058E+00
  1.661164E-01 4.802E-01
  2.061164E-01 2.571E-01
  2.461164E-01 1.544E-01
  2.861164E-01 1.012E-01
  3.261164E-01 7.111E-02
  3.661164E-01 5.295E-02
  4.061164E-01 4.139E-02
  4.461164E-01 3.368E-02
  4.861164E-01 2.835E-02
  5.261164E-01 2.453E-02
  5.661164E-01 2.170E-02
  6.061164E-01 1.956E-02
  6.461164E-01 1.789E-02
  6.861164E-01 1.655E-02
  7.261164E-01 1.546E-02
  7.661164E-01 1.455E-02
  8.061164E-01 1.377E-02
  8.461164E-01 1.310E-02
  1.046116E+00 1.065E-02
  1.246116E+00 8.973E-03
  1.446116E+00 7.660E-03
  1.646116E+00 6.591E-03
  1.846116E+00 5.717E-03
  2.046116E+00 5.008E-03
    2    2    0    1
     34     34
  4.544620E-01     .0000
  4.144620E-01 7.105E+00
  4.224620E-01 6.683E+00
  4.304620E-01 6.293E+00
  4.384620E-01 5.932E+00
  4.464620E-01 5.596E+00
  4.544620E-01 5.285E+00
  4.944620E-01 4.020E+00
  5.344620E-01 3.117E+00
  5.744620E-01 2.457E+00
  6.144620E-01 1.964E+00
  6.544620E-01 1.590E+00
  6.944620E-01 1.301E+00
  7.344620E-01 1.075E+00
  7.744620E-01 8.960E-01
  8.144620E-01 7.527E-01
  8.544620E-01 6.368E-01
  8.944620E-01 5.423E-01
  9.344620E-01 4.644E-01
  9.744620E-01 4.000E-01
  1.014462E+00 3.462E-01
  1.054462E+00 3.010E-01
  1.094462E+00 2.629E-01
  1.134462E+00 2.306E-01
  1.174462E+00 2.030E-01
  1.214462E+00 1.794E-01
  1.254462E+00 1.591E-01
  1.454462E+00 9.167E-02
  1.654462E+00 5.681E-02
  1.854462E+00 3.752E-02
  2.054462E+00 2.616E-02
  2.254462E+00 1.902E-02
  2.454462E+00 1.426E-02
  2.854462E+00 8.363E-03
  3.254462E+00 4.879E-03
    2    2    0    2
     33     33
  2.554260E-01     .0000
  2.154265E-01 1.539E+01
  2.234265E-01 1.403E+01
  2.314265E-01 1.283E+01
  2.394265E-01 1.176E+01
  2.474265E-01 1.080E+01
  2.554265E-01 9.939E+00
  2.954265E-01 6.759E+00
  3.354265E-01 4.785E+00
  3.754265E-01 3.498E+00
  4.154265E-01 2.625E+00
  4.554265E-01 2.013E+00
  4.954265E-01 1.573E+00
  5.354265E-01 1.248E+00
  5.754265E-01 1.004E+00
  6.154265E-01 8.171E-01
  6.554265E-01 6.722E-01
  6.954265E-01 5.582E-01
  7.354265E-01 4.675E-01
  7.754265E-01 3.945E-01
  8.154265E-01 3.352E-01
  8.554265E-01 2.866E-01
  8.954265E-01 2.465E-01
  9.354265E-01 2.132E-01
  9.754265E-01 1.853E-01
  1.015426E+00 1.619E-01
  1.055426E+00 1.420E-01
  1.255426E+00 7.842E-02
  1.455426E+00 4.717E-02
  1.655426E+00 3.043E-02
  1.855426E+00 2.076E-02
  2.055426E+00 1.476E-02
  2.255426E+00 1.081E-02
  2.655426E+00 6.040E-03
    2    2    0    3
     30     30
  1.629310E-01     .0000
  1.229313E-01 2.689E+01
  1.309313E-01 2.334E+01
  1.389313E-01 2.040E+01
  1.469313E-01 1.794E+01
  1.549313E-01 1.586E+01
  1.629313E-01 1.410E+01
  2.029313E-01 8.325E+00
  2.429313E-01 5.321E+00
  2.829313E-01 3.601E+00
  3.229313E-01 2.543E+00
  3.629313E-01 1.858E+00
  4.029313E-01 1.394E+00
  4.429313E-01 1.070E+00
  4.829313E-01 8.369E-01
  5.229313E-01 6.651E-01
  5.629313E-01 5.358E-01
  6.029313E-01 4.369E-01
  6.429313E-01 3.600E-01
  6.829313E-01 2.995E-01
  7.229313E-01 2.512E-01
  7.629313E-01 2.124E-01
  8.029313E-01 1.808E-01
  8.429313E-01 1.549E-01
  8.829313E-01 1.334E-01
  9.229313E-01 1.156E-01
  9.629313E-01 1.007E-01
  1.162931E+00 5.390E-02
  1.362931E+00 3.169E-02
  1.562931E+00 2.010E-02
  1.762931E+00 1.355E-02
    2    2    0    4
     28     28
  1.128420E-01     .0000
  8.463150E-02 3.430E+02
  8.884215E-02 3.056E+01
  9.684217E-02 2.537E+01
  1.048422E-01 2.133E+01
  1.128422E-01 1.813E+01
  1.528422E-01 9.089E+00
  1.928422E-01 5.236E+00
  2.328422E-01 3.297E+00
  2.728422E-01 2.209E+00
  3.128422E-01 1.550E+00
  3.528422E-01 1.127E+00
  3.928422E-01 8.434E-01
  4.328422E-01 6.458E-01
  4.728422E-01 5.043E-01
  5.128422E-01 4.002E-01
  5.528422E-01 3.222E-01
  5.928422E-01 2.626E-01
  6.328422E-01 2.163E-01
  6.728422E-01 1.799E-01
  7.128422E-01 1.509E-01
  7.528422E-01 1.276E-01
  7.928422E-01 1.086E-01
  8.328422E-01 9.306E-02
  8.728422E-01 8.022E-02
  9.128422E-01 6.953E-02
  1.112842E+00 3.652E-02
  1.312842E+00 2.117E-02
  1.512842E+00 1.328E-02
    2    2    0    5
     26     26
  8.273369E-02     .0000
  6.205027E-02 2.980E+02
  6.673372E-02 3.498E+01
  7.473373E-02 2.754E+01
  8.273369E-02 2.215E+01
  1.227337E-01 9.275E+00
  1.627337E-01 4.836E+00
  2.027337E-01 2.858E+00
  2.427337E-01 1.833E+00
  2.827337E-01 1.245E+00
  3.227337E-01 8.838E-01
  3.627337E-01 6.486E-01
  4.027337E-01 4.890E-01
  4.427337E-01 3.770E-01
  4.827337E-01 2.960E-01
  5.227337E-01 2.362E-01
  5.627337E-01 1.910E-01
  6.027337E-01 1.563E-01
  6.427337E-01 1.292E-01
  6.827337E-01 1.078E-01
  7.227337E-01 9.072E-02
  7.627337E-01 7.692E-02
  8.027337E-01 6.566E-02
  8.427337E-01 5.640E-02
  8.827337E-01 4.873E-02
  1.082734E+00 2.528E-02
  1.282734E+00 1.452E-02
    2    2    0    6
     24     24
  6.324178E-02     .0000
  4.743133E-02 2.536E+02
  5.524184E-02 3.484E+01
  6.324184E-02 2.623E+01
  1.032418E-01 9.062E+00
  1.432418E-01 4.308E+00
  1.832418E-01 2.411E+00
  2.232418E-01 1.492E+00
  2.632418E-01 9.886E-01
  3.032418E-01 6.885E-01
  3.432418E-01 4.980E-01
  3.832418E-01 3.712E-01
  4.232418E-01 2.834E-01
  4.632418E-01 2.209E-01
  5.032418E-01 1.750E-01
  5.432418E-01 1.408E-01
  5.832418E-01 1.146E-01
  6.232418E-01 9.438E-02
  6.632418E-01 7.848E-02
  7.032418E-01 6.582E-02
  7.432418E-01 5.564E-02
  7.832418E-01 4.738E-02
  8.232418E-01 4.060E-02
  8.632418E-01 3.501E-02
  1.063242E+00 1.801E-02
    2    2    0    7
     25     25
  4.990560E-02     .0000
  3.742920E-02 2.420E+02
  4.190559E-02 4.367E+01
  4.990559E-02 3.038E+01
  8.990562E-02 8.596E+00
  1.299056E-01 3.759E+00
  1.699056E-01 2.010E+00
  2.099056E-01 1.208E+00
  2.499056E-01 7.848E-01
  2.899056E-01 5.386E-01
  3.299056E-01 3.853E-01
  3.699056E-01 2.847E-01
  4.099056E-01 2.159E-01
  4.499056E-01 1.673E-01
  4.899056E-01 1.319E-01
  5.299056E-01 1.057E-01
  5.699056E-01 8.574E-02
  6.099056E-01 7.039E-02
  6.499056E-01 5.837E-02
  6.899056E-01 4.884E-02
  7.299056E-01 4.121E-02
  7.699056E-01 3.502E-02
  8.099056E-01 2.996E-02
  8.499056E-01 2.579E-02
  1.049906E+00 1.319E-02
  1.249906E+00 7.498E-03
    2    2    0    8
     25     25
  4.038210E-02     .0000
  3.028657E-02 2.322E+02
  3.238207E-02 5.461E+01
  4.038207E-02 3.463E+01
  8.038205E-02 7.989E+00
  1.203821E-01 3.244E+00
  1.603821E-01 1.669E+00
  2.003821E-01 9.800E-01
  2.403821E-01 6.266E-01
  2.803821E-01 4.252E-01
  3.203821E-01 3.016E-01
  3.603821E-01 2.213E-01
  4.003821E-01 1.670E-01
  4.403821E-01 1.288E-01
  4.803821E-01 1.012E-01
  5.203821E-01 8.082E-02
  5.603821E-01 6.541E-02
  6.003821E-01 5.358E-02
  6.403821E-01 4.434E-02
  6.803821E-01 3.704E-02
  7.203821E-01 3.120E-02
  7.603821E-01 2.648E-02
  8.003821E-01 2.263E-02
  8.403821E-01 1.946E-02
  1.040382E+00 9.905E-03
  1.240382E+00 5.614E-03
    2    3    1    1
     30     30
  2.501930E-01     .0000
  2.101934E-01 1.624E-01
  2.181934E-01 1.449E-01
  2.261934E-01 1.298E-01
  2.341934E-01 1.166E-01
  2.421934E-01 1.050E-01
  2.501934E-01 9.488E-02
  2.901934E-01 5.927E-02
  3.301934E-01 3.900E-02
  3.701934E-01 2.676E-02
  4.101934E-01 1.901E-02
  4.501934E-01 1.390E-02
  4.901934E-01 1.041E-02
  5.301934E-01 7.971E-03
  5.701934E-01 6.214E-03
  6.101934E-01 4.923E-03
  6.501934E-01 3.955E-03
  6.901934E-01 3.217E-03
  7.301934E-01 2.645E-03
  7.701934E-01 2.196E-03
  8.101934E-01 1.839E-03
  8.501934E-01 1.551E-03
  8.901934E-01 1.317E-03
  9.301934E-01 1.126E-03
  9.701934E-01 9.668E-04
  1.010193E+00 8.343E-04
  1.050193E+00 7.231E-04
  1.250193E+00 3.731E-04
  1.450193E+00 2.070E-04
  1.650193E+00 1.227E-04
  1.850193E+00 7.798E-05
    2    3    1    2
     28     28
  1.601260E-01     .0000
  1.201262E-01 7.082E-01
  1.281262E-01 5.886E-01
  1.361262E-01 4.938E-01
  1.441262E-01 4.177E-01
  1.521262E-01 3.560E-01
  1.601262E-01 3.054E-01
  2.001262E-01 1.544E-01
  2.401262E-01 8.684E-02
  2.801262E-01 5.270E-02
  3.201262E-01 3.390E-02
  3.601262E-01 2.283E-02
  4.001262E-01 1.596E-02
  4.401262E-01 1.151E-02
  4.801262E-01 8.515E-03
  5.201262E-01 6.445E-03
  5.601262E-01 4.972E-03
  6.001262E-01 3.901E-03
  6.401262E-01 3.105E-03
  6.801262E-01 2.503E-03
  7.201262E-01 2.040E-03
  7.601262E-01 1.679E-03
  8.001262E-01 1.394E-03
  8.401262E-01 1.166E-03
  8.801262E-01 9.811E-04
  9.201262E-01 8.304E-04
  9.601262E-01 7.063E-04
  1.160126E+00 3.319E-04
  1.360126E+00 1.652E-04
    2    3    1    3
     25     25
  1.111910E-01     .0000
  8.339322E-02 1.426E+01
  8.719110E-02 1.291E+00
  9.519112E-02 1.009E+00
  1.031911E-01 8.025E-01
  1.111911E-01 6.474E-01
  1.511911E-01 2.603E-01
  1.911911E-01 1.261E-01
  2.311911E-01 6.884E-02
  2.711911E-01 4.089E-02
  3.111911E-01 2.587E-02
  3.511911E-01 1.720E-02
  3.911911E-01 1.189E-02
  4.311911E-01 8.494E-03
  4.711911E-01 6.236E-03
  5.111911E-01 4.685E-03
  5.511911E-01 3.591E-03
  5.911911E-01 2.800E-03
  6.311911E-01 2.216E-03
  6.711911E-01 1.777E-03
  7.111911E-01 1.441E-03
  7.511911E-01 1.180E-03
  7.911911E-01 9.748E-04
  8.311911E-01 8.112E-04
  8.711911E-01 6.795E-04
  9.111911E-01 5.724E-04
    2    3    1    4
     25     25
  8.168548E-02     .0000
  6.126411E-02 1.740E+01
  6.568545E-02 2.061E+00
  7.368547E-02 1.502E+00
  8.168542E-02 1.126E+00
  1.216855E-01 3.548E-01
  1.616855E-01 1.496E-01
  2.016855E-01 7.466E-02
  2.416855E-01 4.162E-02
  2.816855E-01 2.510E-02
  3.216855E-01 1.607E-02
  3.616855E-01 1.079E-02
  4.016855E-01 7.515E-03
  4.416855E-01 5.402E-03
  4.816855E-01 3.986E-03
  5.216855E-01 3.008E-03
  5.616855E-01 2.313E-03
  6.016855E-01 1.809E-03
  6.416855E-01 1.435E-03
  6.816855E-01 1.152E-03
  7.216855E-01 9.356E-04
  7.616855E-01 7.668E-04
  8.016855E-01 6.337E-04
  8.416855E-01 5.274E-04
  8.816855E-01 4.416E-04
  1.081685E+00 1.942E-04
    2    3    1    5
     16     16
  6.253642E-02     .0000
  4.690231E-02 1.854E+01
  5.453639E-02 2.532E+00
  6.253642E-02 1.741E+00
  1.025364E-01 4.260E-01
  1.425364E-01 1.585E-01
  1.825364E-01 7.335E-02
  2.225364E-01 3.886E-02
  2.625364E-01 2.259E-02
  3.025364E-01 1.407E-02
  3.425364E-01 9.231E-03
  3.825364E-01 6.317E-03
  4.225364E-01 4.474E-03
  4.625364E-01 3.259E-03
  5.025364E-01 2.433E-03
  5.425364E-01 1.853E-03
  5.825364E-01 1.437E-03
    2    3    1    6
     14     14
  4.940870E-02     .0000
  3.705652E-02 2.240E+01
  4.140875E-02 4.009E+00
  4.940875E-02 2.494E+00
  8.940876E-02 4.712E-01
  1.294087E-01 1.568E-01
  1.694087E-01 6.814E-02
  2.094087E-01 3.466E-02
  2.494087E-01 1.958E-02
  2.894087E-01 1.194E-02
  3.294087E-01 7.704E-03
  3.694087E-01 5.202E-03
  4.094087E-01 3.643E-03
  4.494087E-01 2.630E-03
  4.894087E-01 1.947E-03
    2    3    1    7
     12     12
  4.001920E-02     .0000
  3.001440E-02 2.611E+01
  3.201922E-02 6.103E+00
  4.001922E-02 3.382E+00
  8.001924E-02 4.926E-01
  1.200192E-01 1.486E-01
  1.600192E-01 6.129E-02
  2.000192E-01 3.018E-02
  2.400192E-01 1.667E-02
  2.800192E-01 9.994E-03
  3.200192E-01 6.369E-03
  3.600192E-01 4.257E-03
  4.000192E-01 2.957E-03
    0    0    0    0
